4.223661422729492188e-01
-1.349375963211059570e+00
1.771075010299682617e+00
-1.233696341514587402e+00
-2.559514045715332031e-01
3.761019110679626465e-01
-1.001505255699157715e+00
1.524151712656021118e-01
-1.359531641006469727e+00
-4.183591008186340332e-01
2.126196384429931641e+00
1.341786861419677734e+00
1.337700843811035156e+00
1.558986306190490723e-02
-8.236678838729858398e-01
6.779887676239013672e-01
4.084532707929611206e-02
1.004231810569763184e+00
4.366878867149353027e-01
9.665328860282897949e-01
2.046066522598266602e+00
1.343949556350708008e+00
-4.394844174385070801e-02
-1.145591735839843750e+00
-3.036048412322998047e-01
-2.302087306976318359e+00
-3.431991338729858398e-01
-1.463448524475097656e+00
-5.673967003822326660e-01
-1.307148933410644531e-01
2.044301748275756836e+00
3.468078374862670898e-02
1.782381772994995117e+00
-8.423415422439575195e-01
2.563865661621093750e+00
-1.569411993026733398e+00
-1.485301256179809570e+00
2.289731204509735107e-01
-1.338093400001525879e+00
6.170262694358825684e-01
4.451240599155426025e-02
-2.772212028503417969e+00
8.036664724349975586e-01
-1.523240089416503906e+00
1.208494782447814941e+00
4.927322268486022949e-02
-1.660744071006774902e+00
4.292366504669189453e-01
-5.996681451797485352e-01
2.919198513031005859e+00
3.291299343109130859e-01
3.456686735153198242e-01
9.695307016372680664e-01
-8.677653074264526367e-01
1.946859717369079590e+00
7.492421865463256836e-01
-4.764066338539123535e-01
8.577528595924377441e-02
9.572863578796386719e-01
-9.553017020225524902e-01
-2.119440555572509766e+00
-1.836376547813415527e+00
-9.717831015586853027e-02
1.639302492141723633e+00
1.340636730194091797e+00
-3.002135753631591797e-01
-1.999060988426208496e+00
4.755207300186157227e-01
-8.904217481613159180e-01
-1.212021946907043457e+00
6.909108161926269531e-01
2.940718829631805420e-02
-4.604955017566680908e-02
-2.643092155456542969e+00
-2.420275956392288208e-01
-9.309212565422058105e-01
4.842362701892852783e-01
1.397946476936340332e+00
2.950490236282348633e+00
-6.419636011123657227e-01
-8.975544571876525879e-01
-2.509974539279937744e-01
-1.792233228683471680e+00
9.053514003753662109e-01
-3.694917559623718262e-01
8.267562985420227051e-01
1.805367171764373779e-01
-6.647223830223083496e-01
1.732703447341918945e+00
-9.985560774803161621e-01
4.976429045200347900e-01
3.452818691730499268e-01
5.780491828918457031e-01
1.683579325675964355e+00
2.358716726303100586e+00
1.345469951629638672e+00
-1.671543955802917480e+00
-5.213707685470581055e-01
-4.703083634376525879e-01
-9.055020809173583984e-01
1.697342872619628906e+00
-1.848332881927490234e-01
1.925607323646545410e-01
-6.074710488319396973e-01
1.445342898368835449e-01
1.001527309417724609e+00
3.053389489650726318e-02
1.149916887283325195e+00
-1.980161070823669434e-01
-1.558558821678161621e+00
1.581799030303955078e+00
-5.130925215780735016e-03
-1.862166047096252441e+00
-1.152636766433715820e+00
-1.114804744720458984e+00
-2.256717443466186523e+00
-7.799971103668212891e-01
-2.218746662139892578e+00
1.476341605186462402e+00
-9.435000419616699219e-01
-1.251188397407531738e+00
1.572218537330627441e+00
-6.107022762298583984e-01
6.823074221611022949e-01
6.814756393432617188e-01
-2.334197044372558594e+00
-1.633932590484619141e-01
7.053232192993164062e-01
9.340027570724487305e-01
1.781252861022949219e+00
-5.818449258804321289e-01
-1.163526475429534912e-01
1.142258882522583008e+00
1.282488584518432617e+00
-7.624327540397644043e-01
-1.797281861305236816e+00
-1.612606287002563477e+00
-7.505241632461547852e-01
-2.089484930038452148e-01
-5.669215321540832520e-01
2.293829023838043213e-01
8.285374641418457031e-01
-3.311948180198669434e-01
-1.028489112854003906e+00
5.571430325508117676e-01
4.661983847618103027e-01
-1.486599683761596680e+00
-7.032537460327148438e-01
6.853246688842773438e-02
-2.305581331253051758e+00
1.704978108406066895e+00
1.313657522201538086e+00
-4.978698492050170898e-01
8.344254642724990845e-02
-1.421565562486648560e-01
-1.383693456649780273e+00
1.896091341972351074e+00
8.276808261871337891e-01
-9.347084760665893555e-01
1.475332498550415039e+00
1.816265583038330078e+00
1.863891839981079102e+00
8.166468739509582520e-01
-8.485691994428634644e-02
-4.896204173564910889e-02
-7.140795588493347168e-01
-1.129226684570312500e+00
-1.816902637481689453e+00
8.766090273857116699e-01
-9.847232699394226074e-01
-6.268110275268554688e-01
1.561589539051055908e-01
3.765435814857482910e-01
2.520327091217041016e+00
2.152356207370758057e-01
-4.131410121917724609e+00
1.033100008964538574e+00
1.447745203971862793e+00
6.799118518829345703e-01
4.517607390880584717e-01
-8.876733481884002686e-02
-4.133211076259613037e-01
3.070333600044250488e-01
-7.162401676177978516e-01
-1.429766416549682617e+00
-1.034541606903076172e+00
3.502869307994842529e-01
-1.242308735847473145e+00
6.439563035964965820e-01
-2.683888077735900879e-01
1.140351742506027222e-01
-6.087826490402221680e-01
3.420802354812622070e-01
-1.011559143662452698e-01
2.266151160001754761e-01
-1.376479417085647583e-01
-1.291532158851623535e+00
-1.455381870269775391e+00
2.559327840805053711e+00
7.271097302436828613e-01
9.859415888786315918e-01
2.146740555763244629e-01
-5.457326024770736694e-02
-5.032376050949096680e-01
-3.165449500083923340e-01
1.426220834255218506e-01
-3.321594893932342529e-01
-9.649718999862670898e-01
-1.239617168903350830e-01
1.979729771614074707e+00
-2.849091589450836182e-02
-6.843429803848266602e-01
-4.627769589424133301e-01
-2.240405082702636719e+00
-6.520889401435852051e-01
-5.138647556304931641e-01
-1.611172437667846680e+00
-4.559122622013092041e-01
-7.163801044225692749e-02
1.578733801841735840e+00
1.346138000488281250e+00
-4.593697190284729004e-02
-1.918793559074401855e+00
1.307623147964477539e+00
-8.248552680015563965e-01
4.719520211219787598e-01
7.394285202026367188e-01
-1.799116969108581543e+00
4.332510828971862793e-01
-1.274798154830932617e+00
-3.640514135360717773e+00
-1.713949680328369141e+00
-1.486065506935119629e+00
7.316395044326782227e-01
9.749753475189208984e-01
-2.405518293380737305e-01
-2.134570598602294922e+00
6.461343765258789062e-01
-2.334500551223754883e+00
4.460074603557586670e-01
1.464618802070617676e+00
1.174588680267333984e+00
-1.033325433731079102e+00
4.918652772903442383e-01
2.364346027374267578e+00
9.121295213699340820e-01
-1.129248142242431641e+00
-1.739183962345123291e-01
-2.584737777709960938e+00
-2.060771703720092773e+00
-1.131478667259216309e+00
1.270052433013916016e+00
6.009020805358886719e-01
-3.773428201675415039e-01
-2.927099466323852539e-01
-1.524178266525268555e+00
-2.413716316223144531e+00
-8.133906722068786621e-01
1.548437774181365967e-01
1.768308281898498535e-01
-1.096147418022155762e+00
-8.549004793167114258e-01
-1.381554901599884033e-01
1.563501238822937012e+00
-8.907677233219146729e-02
-8.273501992225646973e-01
1.600437164306640625e+00
8.752845525741577148e-01
1.112812519073486328e+00
-7.543203979730606079e-02
1.964062005281448364e-01
4.935135841369628906e-01
-7.827767729759216309e-01
1.396144181489944458e-01
5.143373012542724609e-01
4.997534155845642090e-01
-3.789318203926086426e-01
-2.613355517387390137e-01
-7.741821408271789551e-01
4.121877551078796387e-01
1.077289819717407227e+00
3.831259906291961670e-01
-9.960445165634155273e-01
-4.888437986373901367e-01
1.153995513916015625e+00
-2.531026840209960938e+00
2.525703907012939453e+00
8.802229166030883789e-02
-1.202680766582489014e-01
8.594107627868652344e-01
-3.290694952011108398e-01
-1.028875350952148438e+00
1.633349180221557617e+00
4.548134207725524902e-01
6.767724752426147461e-01
-8.236511349678039551e-01
2.450164794921875000e+00
-1.867914795875549316e+00
-9.979184269905090332e-01
3.205978572368621826e-01
4.056714177131652832e-01
1.724260807037353516e+00
-1.960384249687194824e-01
1.398653626441955566e+00
-5.921744108200073242e-01
2.356106758117675781e+00
1.037286281585693359e+00
1.176859363913536072e-01
1.172655344009399414e+00
1.340686798095703125e+00
-1.432291746139526367e+00
6.340368986129760742e-01
-1.947826504707336426e+00
-3.462506532669067383e-01
4.925753772258758545e-01
-7.007956504821777344e-02
1.313688635826110840e+00
-3.224471956491470337e-02
-1.560219407081604004e+00
-4.780552536249160767e-02
1.726043701171875000e+00
-3.263390064239501953e-01
4.932075738906860352e-01
1.024916172027587891e+00
-7.165477275848388672e-01
1.522245168685913086e+00
5.267699360847473145e-01
7.399947047233581543e-01
-1.109125494956970215e+00
5.158916115760803223e-01
-6.223605871200561523e-01
-1.081448554992675781e+00
-2.885074317455291748e-01
-1.366382718086242676e+00
-6.425632238388061523e-01
3.520555198192596436e-01
8.582590818405151367e-01
-3.085899949073791504e-01
9.145175218582153320e-01
1.084182262420654297e+00
4.485245347023010254e-01
-9.259058535099029541e-02
7.063004374504089355e-02
-1.005997896194458008e+00
-1.990029066801071167e-01
-1.048213124275207520e+00
-5.917340517044067383e-01
4.290288090705871582e-01
5.936076045036315918e-01
8.455747961997985840e-01
4.825467169284820557e-01
9.261215925216674805e-01
1.340413689613342285e+00
6.994832754135131836e-01
-2.076014578342437744e-01
-3.315149843692779541e-01
9.053521156311035156e-01
-3.495962023735046387e-01
4.378738999366760254e-02
9.545360505580902100e-02
2.162360429763793945e+00
-8.167795091867446899e-02
1.045631170272827148e+00
7.623424530029296875e-01
2.211739540100097656e+00
-2.058802366256713867e+00
-8.124215602874755859e-01
-7.628797292709350586e-01
3.697427213191986084e-01
6.264476180076599121e-01
-4.781708717346191406e-01
4.205581545829772949e-01
-7.330066561698913574e-01
-3.693622946739196777e-01
-1.324615478515625000e+00
-7.500603795051574707e-01
-1.546553373336791992e+00
-3.620166182518005371e-01
4.326345026493072510e-01
-5.552397370338439941e-01
1.015018343925476074e+00
1.789768338203430176e+00
1.559912562370300293e+00
9.949320554733276367e-01
-1.268194437026977539e+00
2.187456607818603516e+00
7.543990612030029297e-01
3.012255132198333740e-01
2.013970136642456055e+00
-2.484065294265747070e-02
2.232273578643798828e+00
2.937920689582824707e-01
-2.971115335822105408e-02
7.999081015586853027e-01
3.147137910127639771e-02
2.678269147872924805e+00
-8.984093666076660156e-01
-6.151774525642395020e-01
2.985762953758239746e-01
1.007907629013061523e+00
-1.250861406326293945e+00
-1.155227571725845337e-01
2.327722162008285522e-01
-1.897672653198242188e+00
8.682562708854675293e-01
2.712529003620147705e-01
-5.616896748542785645e-01
1.015435099601745605e+00
-6.403480768203735352e-01
7.273331880569458008e-01
-8.405437469482421875e-01
-9.489530324935913086e-02
7.334474474191665649e-02
1.766286015510559082e+00
2.728267908096313477e-01
1.677809953689575195e-01
2.054953813552856445e+00
-1.938261151313781738e+00
-1.170262768864631653e-01
1.132136106491088867e+00
4.924947619438171387e-01
3.240886330604553223e-01
4.628803730010986328e-01
-1.334589719772338867e-01
6.974014639854431152e-01
-2.662881612777709961e-01
-8.004156351089477539e-01
1.237740874290466309e+00
2.824780941009521484e-01
4.488626122474670410e-01
-2.566597163677215576e-01
1.076316118240356445e+00
1.408533096313476562e+00
-4.032279551029205322e-01
1.768694967031478882e-01
-1.300227046012878418e+00
-1.304432898759841919e-01
-1.379954576492309570e+00
2.232398509979248047e+00
6.343517303466796875e-01
-9.078491926193237305e-01
1.126660227775573730e+00
2.563507556915283203e-01
2.241811037063598633e+00
1.994294047355651855e+00
1.452932596206665039e+00
-8.621665239334106445e-01
-1.076012253761291504e+00
5.347360372543334961e-01
-1.189762949943542480e+00
1.123565196990966797e+00
3.492900729179382324e-02
-1.898094892501831055e+00
1.265802979469299316e+00
1.825202554464340210e-01
1.458592176437377930e+00
9.763965010643005371e-01
-1.704361081123352051e+00
-4.785217642784118652e-01
2.808102965354919434e-01
-8.478126525878906250e-01
1.349740624427795410e+00
-2.061300277709960938e+00
2.302510440349578857e-01
1.994038939476013184e+00
4.140767455101013184e-01
-4.317440092563629150e-02
-7.472032904624938965e-01
3.920617699623107910e-01
-1.017621994018554688e+00
-6.339653730392456055e-01
-5.568600296974182129e-01
-9.134372472763061523e-01
-2.025427818298339844e+00
-3.154003322124481201e-01
-1.489778161048889160e+00
1.225982785224914551e+00
1.052214145660400391e+00
3.241983354091644287e-01
-1.258698582649230957e+00
-7.502498626708984375e-01
-9.500308632850646973e-01
5.171470642089843750e-01
-5.448512434959411621e-01
-1.993166953325271606e-01
-1.014988124370574951e-01
6.278579831123352051e-01
9.680060148239135742e-01
2.572208166122436523e+00
-1.461526513099670410e+00
-1.282364487648010254e+00
2.385380744934082031e+00
-8.488940000534057617e-01
-9.897251129150390625e-01
1.508823782205581665e-02
1.001781225204467773e+00
-3.845396935939788818e-01
2.959463000297546387e-01
-7.717736363410949707e-01
-6.342908740043640137e-01
-1.399361640214920044e-01
8.750517964363098145e-01
-2.613300383090972900e-01
9.232383966445922852e-01
-5.302413105964660645e-01
3.726258501410484314e-02
1.585581064224243164e+00
8.511662483215332031e-01
1.870842650532722473e-03
-9.424617290496826172e-01
-2.780049443244934082e-01
-1.835042238235473633e+00
