-4.356654882431030273e-01
-1.541422605514526367e+00
2.140302896499633789e+00
-1.016027092933654785e+00
-3.718608021736145020e-01
8.769287914037704468e-02
-1.352599263191223145e+00
-8.919284492731094360e-02
-8.428714871406555176e-01
-4.761572778224945068e-01
1.420937299728393555e+00
1.292273402214050293e+00
7.447203397750854492e-01
1.685471832752227783e-01
1.029517501592636108e-02
-1.708677411079406738e-02
-3.163303434848785400e-02
1.209906458854675293e+00
9.813472628593444824e-03
6.588354706764221191e-01
2.010516643524169922e+00
2.023979663848876953e+00
1.246496513485908508e-01
-1.568255543708801270e+00
-4.238998889923095703e-01
-2.146843910217285156e+00
-3.964793086051940918e-01
-1.492020487785339355e+00
-4.440885782241821289e-01
-4.138124883174896240e-01
2.512609243392944336e+00
1.157197207212448120e-01
2.045975685119628906e+00
-8.277798295021057129e-01
2.608283758163452148e+00
-1.812632799148559570e+00
-1.435256958007812500e+00
3.418715298175811768e-01
-1.623959660530090332e+00
8.384032249450683594e-01
4.080485701560974121e-01
-3.098168611526489258e+00
5.809302330017089844e-01
-1.131474614143371582e+00
1.740908622741699219e+00
4.708229303359985352e-01
-9.831899404525756836e-01
-4.711995124816894531e-01
-8.933455348014831543e-01
2.616019487380981445e+00
3.307086825370788574e-01
2.608274109661579132e-02
1.070165991783142090e+00
-4.517312049865722656e-01
1.874165534973144531e+00
5.605319738388061523e-01
-8.227388262748718262e-01
-2.628854811191558838e-01
9.795250892639160156e-01
-1.604417800903320312e+00
-1.825704574584960938e+00
-1.736557602882385254e+00
-2.304157912731170654e-01
1.816618919372558594e+00
1.379131197929382324e+00
1.252742856740951538e-01
-1.556278109550476074e+00
3.526806831359863281e-01
-1.145716667175292969e+00
-1.177821993827819824e+00
3.787962198257446289e-01
1.852596104145050049e-01
-7.285611331462860107e-02
-1.768970966339111328e+00
-3.064088225364685059e-01
-7.899501323699951172e-01
4.083565175533294678e-01
1.162382721900939941e+00
2.767761945724487305e+00
1.629206538200378418e-02
-9.386008381843566895e-01
-8.786865323781967163e-02
-9.567802548408508301e-01
3.408631682395935059e-01
-8.885758519172668457e-01
8.364871144294738770e-01
4.563422799110412598e-01
-7.347390651702880859e-01
1.390535116195678711e+00
-4.860906302928924561e-01
5.333150625228881836e-01
-1.766752898693084717e-01
8.636472225189208984e-01
2.351669311523437500e+00
1.954244852066040039e+00
1.243664979934692383e+00
-8.422026634216308594e-01
-1.060986518859863281e+00
-8.300926685333251953e-01
-4.258081912994384766e-01
1.479623675346374512e+00
1.277434676885604858e-01
-2.387523651123046875e-02
-9.346442222595214844e-01
6.161038875579833984e-01
9.602656364440917969e-01
4.424618929624557495e-02
1.653156161308288574e+00
-2.042786329984664917e-01
-1.540735840797424316e+00
1.223781228065490723e+00
5.641066655516624451e-02
-1.161253690719604492e+00
-1.542632818222045898e+00
-1.184203505516052246e+00
-1.895292878150939941e+00
-2.737353444099426270e-01
-2.303071022033691406e+00
1.436359047889709473e+00
-1.224802136421203613e+00
-8.063777089118957520e-01
5.508881211280822754e-01
-6.070636510848999023e-01
1.015617132186889648e+00
3.430571779608726501e-02
-1.612568497657775879e+00
-1.759184151887893677e-01
5.191764235496520996e-01
9.573500156402587891e-01
1.911784172058105469e+00
-7.305837869644165039e-01
-3.559143841266632080e-01
1.093929529190063477e+00
1.003420472145080566e+00
-9.323300123214721680e-01
-1.377008557319641113e+00
-1.557765841484069824e+00
-1.610774874687194824e+00
-1.162017509341239929e-01
5.321964621543884277e-02
-1.976097673177719116e-01
1.353534579277038574e+00
-9.395360350608825684e-01
-1.589334011077880859e+00
2.780458033084869385e-01
1.620501279830932617e-01
-1.888907432556152344e+00
-8.912961483001708984e-01
-2.741165161132812500e-01
-1.878254652023315430e+00
2.110799551010131836e+00
8.630952239036560059e-01
-1.222454011440277100e-03
2.374181002378463745e-01
-7.596455514430999756e-02
-1.119064092636108398e+00
1.363313913345336914e+00
1.289358496665954590e+00
-1.407178759574890137e+00
8.861100077629089355e-01
1.590611934661865234e+00
2.094249725341796875e+00
4.679067730903625488e-01
4.079605340957641602e-01
-6.916835904121398926e-02
-1.039558768272399902e+00
-2.573149800300598145e-01
-2.350893020629882812e+00
9.867181777954101562e-01
-8.900048732757568359e-01
4.555195271968841553e-01
-1.625992059707641602e-01
1.792364567518234253e-01
2.062097787857055664e+00
4.887996912002563477e-01
-3.526607751846313477e+00
8.045694231986999512e-01
1.572535395622253418e+00
6.277178525924682617e-01
-2.512854635715484619e-01
-3.052664399147033691e-01
-6.320868730545043945e-01
5.179670453071594238e-01
-7.017571330070495605e-01
-1.612762451171875000e+00
-1.031243205070495605e+00
1.077694654464721680e+00
-2.032295465469360352e+00
4.470324218273162842e-01
-4.137690663337707520e-01
-1.097596064209938049e-01
-6.659700870513916016e-01
-2.992731332778930664e-01
7.250849902629852295e-02
3.231676220893859863e-01
-5.516837239265441895e-01
-6.150482892990112305e-01
-1.424103617668151855e+00
2.384540081024169922e+00
4.274452924728393555e-01
8.783288002014160156e-01
-1.676815897226333618e-01
-2.519221305847167969e-01
-3.940594196319580078e-01
3.637706041336059570e-01
3.222736418247222900e-01
-3.750213384628295898e-01
-8.786320686340332031e-01
-2.838595509529113770e-01
2.173220396041870117e+00
2.622790634632110596e-01
-1.195227742195129395e+00
-4.331731796264648438e-01
-1.647440910339355469e+00
-8.108879327774047852e-01
-9.819769859313964844e-01
-1.550206899642944336e+00
-6.661493778228759766e-01
1.599174141883850098e-01
1.958385705947875977e+00
1.556718111038208008e+00
2.278757244348526001e-01
-1.792678475379943848e+00
6.580584645271301270e-01
-8.923283815383911133e-01
1.928827762603759766e-01
1.051046967506408691e+00
-1.528673052787780762e+00
3.550557792186737061e-02
-1.107867002487182617e+00
-3.254572391510009766e+00
-1.399488329887390137e+00
-1.819899797439575195e+00
1.161212921142578125e+00
1.148517489433288574e+00
-2.129926979541778564e-01
-2.045437812805175781e+00
-2.188788354396820068e-02
-1.624708533287048340e+00
8.649344444274902344e-01
1.674668312072753906e+00
2.349926233291625977e+00
-1.199234724044799805e+00
1.048290848731994629e+00
2.083578109741210938e+00
1.062748506665229797e-01
-8.512350320816040039e-01
-9.438955783843994141e-02
-2.659188032150268555e+00
-2.042168855667114258e+00
-6.705454587936401367e-01
1.419804573059082031e+00
4.249240159988403320e-01
-8.448748588562011719e-01
-7.739707827568054199e-01
-1.262050271034240723e+00
-2.712844848632812500e+00
-5.184623003005981445e-01
-1.628755629062652588e-01
3.374404311180114746e-01
-8.236907720565795898e-01
1.352133452892303467e-01
-8.803550004959106445e-01
1.530297875404357910e+00
1.099587976932525635e-02
-8.327876329421997070e-01
1.565153479576110840e+00
7.080216407775878906e-01
1.710837483406066895e+00
3.680506348609924316e-02
5.692423582077026367e-01
2.471988052129745483e-01
-7.431227564811706543e-01
1.989599019289016724e-01
7.697998881340026855e-01
5.782057642936706543e-01
-9.362745881080627441e-01
-3.844044208526611328e-01
-1.330353617668151855e+00
2.968240976333618164e-01
1.150171756744384766e+00
3.825666904449462891e-01
-3.954755663871765137e-01
-1.097001552581787109e+00
1.709005832672119141e+00
-3.497469186782836914e+00
1.834479808807373047e+00
-3.456756770610809326e-01
-6.109766662120819092e-03
8.125281929969787598e-01
-1.427208036184310913e-01
-4.848462939262390137e-01
1.586796760559082031e+00
6.641560792922973633e-01
9.692322462797164917e-02
-3.684472143650054932e-01
2.609331846237182617e+00
-2.209832906723022461e+00
-1.741566777229309082e+00
5.115389823913574219e-01
2.263370156288146973e-02
1.075767636299133301e+00
-8.610571026802062988e-01
1.178224444389343262e+00
-3.385441005229949951e-01
2.431923151016235352e+00
1.043615102767944336e+00
-5.274976491928100586e-01
9.171818494796752930e-01
1.668946385383605957e+00
-1.620435118675231934e+00
1.573695838451385498e-01
-2.423680782318115234e+00
-6.491086483001708984e-01
3.324529230594635010e-01
3.078043833374977112e-02
1.352221250534057617e+00
-1.705081164836883545e-01
-1.389579653739929199e+00
-5.470601320266723633e-01
1.871534347534179688e+00
-8.833958506584167480e-01
-2.076610177755355835e-02
9.687331318855285645e-01
-4.888439178466796875e-01
1.423095583915710449e+00
4.076522886753082275e-01
7.028974890708923340e-01
-1.188635706901550293e+00
3.599872589111328125e-01
-6.006846427917480469e-01
-5.755845904350280762e-01
-3.135626912117004395e-01
-1.175133228302001953e+00
-1.127039313316345215e+00
1.921424865722656250e-01
9.645897150039672852e-01
-8.557239770889282227e-01
9.455823302268981934e-01
1.097091436386108398e+00
-1.231217086315155029e-01
2.178421467542648315e-01
6.821471452713012695e-01
-1.456037759780883789e+00
-3.565866053104400635e-01
-7.159077525138854980e-01
-8.089249134063720703e-01
3.176417648792266846e-01
8.383992910385131836e-01
1.653923273086547852e+00
-4.386982321739196777e-02
7.201609015464782715e-01
1.072105884552001953e+00
9.910627603530883789e-01
-6.256816387176513672e-01
-4.362403452396392822e-01
1.001487255096435547e+00
-2.691777348518371582e-01
-2.522204816341400146e-01
-3.438013792037963867e-02
1.280381560325622559e+00
6.119307875633239746e-01
5.444557666778564453e-01
7.771155238151550293e-01
2.060826301574707031e+00
-1.404303789138793945e+00
-8.283613920211791992e-01
-3.961319625377655029e-01
-2.620767354965209961e-01
-5.748625472187995911e-02
-2.217437326908111572e-01
9.895037114620208740e-02
-8.886739611625671387e-01
1.921110004186630249e-01
-1.046983957290649414e+00
4.082545042037963867e-01
-9.414581060409545898e-01
-7.048810720443725586e-01
1.652763783931732178e-02
-2.875112295150756836e-01
1.082783699035644531e+00
1.323953151702880859e+00
1.427744388580322266e+00
1.169729948043823242e+00
-1.961111307144165039e+00
1.857906699180603027e+00
4.140778183937072754e-01
-5.433087423443794250e-02
2.097583293914794922e+00
7.360022515058517456e-02
2.182264566421508789e+00
7.754813134670257568e-02
4.119281768798828125e-01
6.401381492614746094e-01
2.780239582061767578e-01
2.617316484451293945e+00
-5.004699230194091797e-01
-2.008049190044403076e-01
3.830190300941467285e-01
8.564666509628295898e-01
-1.052964806556701660e+00
7.716807723045349121e-02
-5.746647715568542480e-02
-1.808136820793151855e+00
3.894025087356567383e-01
2.207461595535278320e-01
-1.137667894363403320e+00
8.620312213897705078e-01
5.179567635059356689e-02
9.960832595825195312e-01
-1.204109787940979004e+00
-3.711454570293426514e-01
-1.913423985242843628e-01
1.948216795921325684e+00
6.514782905578613281e-01
7.581274956464767456e-02
1.977746605873107910e+00
-1.169695138931274414e+00
-2.711068093776702881e-01
1.021085977554321289e+00
9.784123897552490234e-01
5.173760652542114258e-01
3.910018801689147949e-01
-2.315736114978790283e-01
3.146564364433288574e-01
-9.139241278171539307e-02
-3.306172788143157959e-01
7.660586237907409668e-01
2.417926788330078125e-01
3.511277735233306885e-01
3.064770102500915527e-01
4.684619009494781494e-01
1.080367803573608398e+00
-5.761147737503051758e-01
-4.277321696281433105e-02
-1.039531826972961426e+00
-1.557433158159255981e-01
-1.417512655258178711e+00
2.457452535629272461e+00
1.138945460319519043e+00
-8.577057719230651855e-01
1.021054148674011230e+00
1.230911836028099060e-01
2.664848327636718750e+00
2.312166452407836914e+00
1.152113080024719238e+00
-1.090382575988769531e+00
-9.081074595451354980e-01
-1.446556299924850464e-01
-1.162646412849426270e+00
9.549199938774108887e-01
1.639069616794586182e-01
-1.745761513710021973e+00
1.222307085990905762e+00
8.152651786804199219e-01
1.426336526870727539e+00
1.074207544326782227e+00
-1.809535384178161621e+00
-8.272192478179931641e-01
3.739487230777740479e-01
-4.414405524730682373e-01
1.301962018013000488e+00
-1.561091184616088867e+00
2.429842650890350342e-01
2.671909332275390625e+00
-4.170982241630554199e-01
-2.145421802997589111e-01
-1.686366677284240723e+00
2.211253046989440918e-01
-5.278701782226562500e-01
-6.692003011703491211e-01
-3.443894982337951660e-01
-1.303607344627380371e+00
-1.506257295608520508e+00
-3.591022193431854248e-01
-2.052324056625366211e+00
1.528344035148620605e+00
1.040151119232177734e+00
-3.060303330421447754e-01
-9.401032924652099609e-01
-1.678532958030700684e-01
-2.162744253873825073e-01
1.122969388961791992e+00
-3.283976912498474121e-01
-3.178694099187850952e-02
-7.554686069488525391e-02
4.518545269966125488e-01
1.651239752769470215e+00
3.589561700820922852e+00
-1.052002906799316406e+00
-9.272699952125549316e-01
2.481527805328369141e+00
-1.610315680503845215e+00
-1.537278890609741211e+00
-3.124506175518035889e-01
7.088173627853393555e-01
-1.599163413047790527e-01
1.790153980255126953e-01
-1.321661829948425293e+00
-9.661104679107666016e-01
2.094226330518722534e-01
6.066210865974426270e-01
3.862003982067108154e-01
1.239290714263916016e+00
-5.558570027351379395e-01
3.708861470222473145e-01
1.226091742515563965e+00
5.461502075195312500e-01
-1.106433346867561340e-01
-3.396211266517639160e-01
-5.383283495903015137e-01
-1.526175141334533691e+00
