4.557111859321594238e-01
-1.395739197731018066e+00
2.068849325180053711e+00
-1.312606453895568848e+00
-1.595892757177352905e-02
1.095568180084228516e+00
-1.406445503234863281e+00
1.940129250288009644e-01
-1.136721611022949219e+00
-6.103778630495071411e-02
2.273675680160522461e+00
8.503438234329223633e-01
1.519389629364013672e+00
2.510754466056823730e-01
-1.070013046264648438e+00
-6.915867328643798828e-02
1.463802307844161987e-01
7.312489748001098633e-01
9.302850067615509033e-02
1.020085215568542480e+00
1.339904785156250000e+00
8.345535993576049805e-01
-1.480677425861358643e-01
-1.203278064727783203e+00
1.088669151067733765e-01
-2.459004878997802734e+00
-9.086807370185852051e-01
-1.210874080657958984e+00
-6.038442254066467285e-01
6.344392150640487671e-02
2.010440826416015625e+00
-3.648626208305358887e-01
1.785679936408996582e+00
-8.654166460037231445e-01
2.270261764526367188e+00
-1.283235549926757812e+00
-1.124848842620849609e+00
2.336878031492233276e-01
-1.320620417594909668e+00
8.630755543708801270e-01
6.372287869453430176e-01
-2.399861812591552734e+00
1.845380663871765137e-01
-1.456737041473388672e+00
1.278398036956787109e+00
1.277089864015579224e-01
-9.767709970474243164e-01
1.240884512662887573e-01
-6.527842879295349121e-01
2.514905452728271484e+00
6.067817211151123047e-01
2.916657030582427979e-01
7.376877069473266602e-01
-3.368726372718811035e-01
1.630719065666198730e+00
1.174474716186523438e+00
-3.559237122535705566e-01
1.814109086990356445e-01
6.609865427017211914e-01
-1.473335266113281250e+00
-2.046155929565429688e+00
-1.198629260063171387e+00
-4.685183763504028320e-01
2.008504390716552734e+00
1.013092041015625000e+00
-4.780511558055877686e-01
-1.615211963653564453e+00
2.288720607757568359e-01
-9.389113187789916992e-01
-9.960513710975646973e-01
4.816067814826965332e-01
-1.378574371337890625e-01
-4.580704867839813232e-02
-2.996284723281860352e+00
-2.530276179313659668e-01
-1.003924369812011719e+00
1.765482425689697266e-01
1.500208616256713867e+00
2.668311595916748047e+00
-6.098924875259399414e-01
-6.718240380287170410e-01
-4.629386067390441895e-01
-1.724689245223999023e+00
7.526464462280273438e-01
-4.911611229181289673e-02
8.210555911064147949e-01
-6.384415924549102783e-02
-3.496078848838806152e-01
1.451362490653991699e+00
-5.748271942138671875e-01
-1.361204683780670166e-02
5.198981165885925293e-01
1.055081129074096680e+00
1.769654631614685059e+00
2.657090663909912109e+00
1.609402656555175781e+00
-1.885623812675476074e+00
-9.626607298851013184e-01
-5.237020254135131836e-01
-1.042223572731018066e+00
1.793073177337646484e+00
2.029639780521392822e-01
3.790102899074554443e-01
-3.072431385517120361e-01
3.506521880626678467e-01
1.166719198226928711e+00
-8.242130279541015625e-01
1.278998732566833496e+00
-3.585690259933471680e-01
-1.224398255348205566e+00
9.266771078109741211e-01
1.420391649007797241e-01
-1.831023812294006348e+00
-1.016371011734008789e+00
-1.031937837600708008e+00
-2.247972965240478516e+00
-1.463395953178405762e-01
-2.187697887420654297e+00
9.244220852851867676e-01
-1.699813604354858398e+00
-3.973913788795471191e-01
8.679039478302001953e-01
-2.656092345714569092e-01
1.698849201202392578e-01
5.625382065773010254e-01
-1.649618864059448242e+00
-8.014199733734130859e-01
5.889517664909362793e-01
9.803762435913085938e-01
1.500946879386901855e+00
-9.065393209457397461e-01
3.044015467166900635e-01
1.359316706657409668e+00
7.897249460220336914e-01
-8.148007392883300781e-01
-8.667567372322082520e-01
-1.459806561470031738e+00
-1.192484378814697266e+00
3.191792592406272888e-02
-4.237542748451232910e-01
-7.527936995029449463e-02
1.007143139839172363e+00
-6.138330101966857910e-01
-1.295472383499145508e+00
9.987206459045410156e-01
4.801176488399505615e-02
-1.910388231277465820e+00
-3.692463338375091553e-01
3.228334784507751465e-01
-1.914073228836059570e+00
1.214029431343078613e+00
1.347919702529907227e+00
-6.105414032936096191e-01
4.866452515125274658e-01
2.176422774791717529e-01
-1.212239027023315430e+00
1.600368738174438477e+00
1.045273065567016602e+00
-1.182939887046813965e+00
1.057126879692077637e+00
1.700437307357788086e+00
1.810991883277893066e+00
9.184949994087219238e-01
1.737773120403289795e-01
-3.423943221569061279e-01
-7.777796387672424316e-01
-1.466022729873657227e+00
-1.846169233322143555e+00
6.170949339866638184e-01
-1.368695497512817383e+00
-8.629637360572814941e-01
7.666884064674377441e-01
6.944268941879272461e-02
1.879501581192016602e+00
5.463252216577529907e-02
-4.260050773620605469e+00
8.483572602272033691e-01
2.187810897827148438e+00
3.851696252822875977e-01
3.464738130569458008e-01
-2.085056900978088379e-01
-5.622601509094238281e-01
9.837164282798767090e-01
-1.260069966316223145e+00
-1.156616687774658203e+00
-3.899875283241271973e-01
6.280470490455627441e-01
-1.031684875488281250e+00
3.360838890075683594e-01
-3.136340975761413574e-01
8.217744529247283936e-02
-1.230478048324584961e+00
7.713327556848526001e-02
6.665030121803283691e-02
3.484938144683837891e-01
-5.233190208673477173e-02
-1.213684916496276855e+00
-1.623026967048645020e+00
2.830192565917968750e+00
7.430567145347595215e-01
6.551529169082641602e-01
1.032545864582061768e-01
4.358062148094177246e-02
9.068262577056884766e-02
-3.637506067752838135e-01
-7.344287633895874023e-01
-5.607928037643432617e-01
-6.931244134902954102e-01
-5.724222958087921143e-02
1.015523433685302734e+00
-1.985976994037628174e-01
-1.134563565254211426e+00
-5.224902033805847168e-01
-1.803102731704711914e+00
-7.654110789299011230e-01
-7.370792627334594727e-01
-1.900638222694396973e+00
-2.835682034492492676e-01
8.859531581401824951e-02
1.431644201278686523e+00
1.271739482879638672e+00
5.517128109931945801e-02
-1.293764233589172363e+00
5.835927128791809082e-01
-1.060773968696594238e+00
1.955001205205917358e-01
1.265154927968978882e-01
-8.059303760528564453e-01
6.478224992752075195e-01
-7.188860774040222168e-01
-3.535641193389892578e+00
-1.582314729690551758e+00
-1.396290659904479980e+00
4.277187883853912354e-01
8.053331375122070312e-01
-3.711882829666137695e-01
-1.225802183151245117e+00
4.288542568683624268e-01
-2.039845466613769531e+00
1.753966808319091797e-01
1.292718291282653809e+00
9.064661264419555664e-01
-8.471894860267639160e-01
5.704729557037353516e-01
2.116466045379638672e+00
3.907612562179565430e-01
-8.656800985336303711e-01
-3.441211283206939697e-01
-2.992093563079833984e+00
-1.486686468124389648e+00
-7.966459393501281738e-01
1.162821292877197266e+00
6.098603010177612305e-01
-5.742310881614685059e-01
-5.863009691238403320e-01
-1.103397965431213379e+00
-2.558432579040527344e+00
-3.988140225410461426e-01
-1.942278891801834106e-01
4.702524244785308838e-01
-3.231443762779235840e-01
-1.301153063774108887e+00
-2.411686480045318604e-01
1.778471589088439941e+00
1.084748208522796631e-01
-4.739471375942230225e-01
1.415698051452636719e+00
5.359096527099609375e-01
1.210556030273437500e+00
-6.233456730842590332e-01
3.789261728525161743e-02
8.179154396057128906e-01
-7.598267793655395508e-01
4.507094621658325195e-01
4.371723532676696777e-01
3.811540305614471436e-01
-1.019312441349029541e-01
-8.488339781761169434e-01
-6.886925101280212402e-01
2.368385493755340576e-01
8.510696291923522949e-01
1.089674457907676697e-01
-1.152960538864135742e+00
-2.452036291360855103e-01
1.258828282356262207e+00
-2.097234487533569336e+00
2.339976072311401367e+00
1.767883598804473877e-01
-5.982850193977355957e-01
2.461859285831451416e-01
-2.339515089988708496e-01
-9.198141098022460938e-01
1.519028782844543457e+00
-1.815917938947677612e-01
2.114531993865966797e+00
-8.660692572593688965e-01
1.802097797393798828e+00
-2.011436939239501953e+00
-4.320940375328063965e-01
6.257755756378173828e-01
4.473073035478591919e-02
1.341069459915161133e+00
1.574490964412689209e-01
1.898813009262084961e+00
-4.012827873229980469e-01
2.480301380157470703e+00
1.259571671485900879e+00
-5.931242108345031738e-01
1.083399891853332520e+00
1.146674752235412598e+00
-8.432854413986206055e-01
5.190469622611999512e-01
-1.409685015678405762e+00
-2.329248487949371338e-01
3.572670221328735352e-01
-1.315137445926666260e-01
1.235560536384582520e+00
5.918028354644775391e-01
-1.264033436775207520e+00
-7.304534316062927246e-02
1.095111012458801270e+00
-1.682576984167098999e-01
3.411083817481994629e-01
7.717077732086181641e-01
-6.883573532104492188e-01
7.139635086059570312e-01
7.721252441406250000e-01
4.466747641563415527e-01
-1.277328372001647949e+00
1.010457754135131836e+00
-2.735806405544281006e-01
-4.773835837841033936e-01
-1.866936087608337402e-01
-1.657935023307800293e+00
-6.440290808677673340e-01
-4.508214294910430908e-01
7.493652105331420898e-01
-2.997088730335235596e-01
1.497973442077636719e+00
9.357446432113647461e-01
2.417795360088348389e-01
-6.500002741813659668e-02
-2.315922677516937256e-01
-1.121346712112426758e+00
2.740468978881835938e-01
-1.285704135894775391e+00
-5.939322113990783691e-01
5.510336160659790039e-01
-7.593928277492523193e-02
7.208746671676635742e-01
8.059050440788269043e-01
1.434517621994018555e+00
1.321417570114135742e+00
4.298807382583618164e-01
-2.262793853878974915e-02
-5.535801053047180176e-01
1.012779355049133301e+00
1.415976881980895996e-01
-1.744267940521240234e-01
1.967786103487014771e-01
1.839675188064575195e+00
8.233028650283813477e-02
1.090063452720642090e+00
7.310535907745361328e-01
1.890564799308776855e+00
-2.100780963897705078e+00
-1.245667219161987305e+00
-4.804174304008483887e-01
6.877429485321044922e-01
1.980433613061904907e-01
-3.713771700859069824e-01
2.129264920949935913e-01
-1.092926979064941406e+00
3.205537796020507812e-01
-1.489066720008850098e+00
-1.186674594879150391e+00
-1.546538949012756348e+00
-8.269832134246826172e-01
-2.088990509510040283e-01
-5.457002520561218262e-01
8.159576058387756348e-01
1.162969827651977539e+00
9.593262076377868652e-01
3.782377764582633972e-02
-1.483564496040344238e+00
2.057336807250976562e+00
3.884035348892211914e-01
-4.302549734711647034e-02
1.396152615547180176e+00
-7.887466549873352051e-01
1.951804637908935547e+00
-3.666115552186965942e-02
-1.986867040395736694e-01
1.102705240249633789e+00
-5.837735533714294434e-02
2.983160018920898438e+00
-5.398701429367065430e-01
-1.481394320726394653e-01
3.919284343719482422e-01
5.821046829223632812e-01
-8.521063327789306641e-01
-2.385666072368621826e-01
2.086447924375534058e-01
-1.342042803764343262e+00
8.926671147346496582e-01
2.936894893646240234e-01
-2.797755002975463867e-01
4.995577931404113770e-01
-7.119376659393310547e-01
8.794467151165008545e-02
-1.081079244613647461e+00
-1.585301160812377930e-01
-4.593934118747711182e-01
1.445323944091796875e+00
4.902936220169067383e-01
-5.551811307668685913e-02
1.541442751884460449e+00
-1.665512561798095703e+00
-3.168333768844604492e-01
7.259032726287841797e-01
9.660679101943969727e-01
9.220436215400695801e-01
9.535684585571289062e-01
-2.191345691680908203e-01
5.320662260055541992e-01
-5.349912643432617188e-01
-1.045117855072021484e+00
1.393744826316833496e+00
5.811111927032470703e-01
1.371571421623229980e-02
-2.133115231990814209e-01
4.645875394344329834e-01
9.981639981269836426e-01
-3.151818215847015381e-01
1.227347999811172485e-01
-1.949099183082580566e+00
-1.089161634445190430e-02
-2.180475234985351562e+00
2.728045463562011719e+00
7.830984592437744141e-01
-9.836267232894897461e-01
1.141673564910888672e+00
3.788704574108123779e-01
2.211796760559082031e+00
1.914347290992736816e+00
1.359527230262756348e+00
-1.045545339584350586e+00
-1.763457655906677246e+00
6.002460122108459473e-01
-1.243945598602294922e+00
1.088171005249023438e+00
2.847876846790313721e-01
-1.483865737915039062e+00
1.617211818695068359e+00
1.116429567337036133e-01
1.269526481628417969e+00
9.338100552558898926e-01
-1.299373149871826172e+00
-1.112987875938415527e+00
2.267596125602722168e-02
-1.112877964973449707e+00
1.587547659873962402e+00
-1.890925288200378418e+00
6.478942036628723145e-01
1.921818614006042480e+00
3.487696051597595215e-01
1.328566074371337891e-01
-2.713602781295776367e-01
4.257027804851531982e-01
-9.089452028274536133e-01
-7.517992258071899414e-01
-8.677735924720764160e-01
-7.330546379089355469e-01
-1.636741399765014648e+00
5.012182518839836121e-02
-1.432135701179504395e+00
8.575298786163330078e-01
1.179715633392333984e+00
-1.569015681743621826e-01
-8.387060761451721191e-01
-2.194287776947021484e-01
-4.035526514053344727e-01
8.717156648635864258e-01
-1.386698186397552490e-01
2.030425071716308594e-01
-4.768182337284088135e-02
6.774463653564453125e-01
1.216654658317565918e+00
2.820740699768066406e+00
-1.348581671714782715e+00
-1.571579575538635254e+00
2.230924844741821289e+00
-3.809883594512939453e-01
-1.173287749290466309e+00
-2.272301167249679565e-02
1.241034269332885742e+00
-3.510649800300598145e-01
1.984876394271850586e-02
-5.504961013793945312e-01
-3.490266501903533936e-01
5.106083750724792480e-01
8.263297677040100098e-01
-1.668079197406768799e-01
1.447374343872070312e+00
-2.510461807250976562e-01
5.559643730521202087e-03
1.428318619728088379e+00
5.032807588577270508e-01
-2.100546099245548248e-02
-6.806900501251220703e-01
-7.185627818107604980e-01
-1.592910051345825195e+00
