4.156758785247802734e-01
2.678749799728393555e+00
-6.909289956092834473e-02
-1.412434220314025879e+00
-4.093429148197174072e-01
-7.161360979080200195e-01
1.659734129905700684e+00
1.055595040321350098e+00
-6.437213420867919922e-01
6.696277111768722534e-02
-4.885166287422180176e-01
4.489152133464813232e-01
-8.164354562759399414e-01
1.720841169357299805e+00
-1.847947835922241211e+00
1.401892304420471191e+00
4.285249486565589905e-02
9.995679855346679688e-01
1.684863865375518799e-02
-1.664803028106689453e-01
-8.183659315109252930e-01
1.984256982803344727e+00
-9.260475635528564453e-02
-2.298635244369506836e-01
-7.608654499053955078e-01
4.370004534721374512e-01
1.862667083740234375e+00
-3.413058817386627197e-02
3.486189991235733032e-02
2.398122847080230713e-02
2.322275042533874512e-01
-1.329890251159667969e+00
-1.955910027027130127e-01
-1.055239796638488770e+00
8.791829943656921387e-01
1.467101335525512695e+00
4.901511073112487793e-01
-1.599144816398620605e+00
1.790351718664169312e-01
1.827573060989379883e+00
7.997414469718933105e-01
-4.053761810064315796e-02
-5.901302099227905273e-01
9.981157183647155762e-01
-4.256289303302764893e-01
-1.371250391006469727e+00
2.162424325942993164e-01
1.652528166770935059e+00
-2.528401464223861694e-02
6.708106398582458496e-01
4.449540674686431885e-01
3.884767889976501465e-01
-2.576915919780731201e-02
-4.553446471691131592e-01
-3.708419203758239746e-01
1.480676889419555664e+00
1.227041959762573242e+00
-1.292978644371032715e+00
1.330569863319396973e+00
-1.202945232391357422e+00
2.705130577087402344e-01
-1.836812138557434082e+00
1.646394729614257812e+00
3.738730251789093018e-01
2.058897912502288818e-01
1.310454010963439941e+00
1.111957430839538574e+00
5.727013945579528809e-01
-1.600164175033569336e-01
-3.752791285514831543e-01
3.164720535278320312e-01
1.239603281021118164e+00
-3.082895278930664062e-01
-1.262589573860168457e+00
-1.331902146339416504e+00
1.938585400581359863e+00
2.017155587673187256e-01
-8.615907430648803711e-01
1.210419833660125732e-02
5.454039573669433594e-01
3.864459693431854248e-02
2.441805005073547363e-01
1.717409849166870117e+00
5.954080224037170410e-01
-1.927974820137023926e-01
4.353986263275146484e+00
-1.039281010627746582e+00
-1.493392109870910645e+00
5.350852608680725098e-01
-1.337195932865142822e-01
4.780769646167755127e-01
4.022970497608184814e-01
4.624244272708892822e-01
1.938236474990844727e+00
1.128672361373901367e+00
8.825892210006713867e-01
1.090662240982055664e+00
-5.645598769187927246e-01
-9.524800181388854980e-01
6.251100301742553711e-01
1.449385285377502441e-01
1.190971285104751587e-01
-3.858759999275207520e-01
-5.299792885780334473e-01
7.164670228958129883e-01
-2.645951032638549805e+00
-6.390249133110046387e-01
-1.131269812583923340e+00
7.843928337097167969e-01
-3.948697149753570557e-01
9.437891840934753418e-02
1.932732760906219482e-01
9.255207777023315430e-01
-6.913277506828308105e-02
2.867761254310607910e-01
-1.554294228553771973e+00
-1.958363533020019531e+00
1.571035012602806091e-02
-4.069115519523620605e-01
5.007299184799194336e-01
-5.639168620109558105e-01
1.779179692268371582e+00
7.421567291021347046e-02
-5.486143231391906738e-01
1.265204310417175293e+00
-1.173338413238525391e+00
1.842807978391647339e-01
1.471271991729736328e+00
-9.146791100502014160e-01
9.465698003768920898e-01
1.169951438903808594e+00
1.243870973587036133e+00
-5.017375946044921875e-01
7.969624996185302734e-01
2.951367944478988647e-02
-5.755283832550048828e-01
-6.300041675567626953e-01
-7.684924602508544922e-01
-3.380374610424041748e-01
-2.903881669044494629e-01
-7.491695284843444824e-01
-4.693941473960876465e-01
-8.696241676807403564e-02
1.517521619796752930e+00
-1.218393743038177490e-01
-2.091973781585693359e+00
6.510515213012695312e-01
3.596976697444915771e-01
-1.175848960876464844e+00
-1.169758915901184082e+00
1.623554527759552002e-01
5.720694065093994141e-01
-7.404323220252990723e-01
3.068181574344635010e-01
-6.767019629478454590e-01
-7.713620066642761230e-01
1.705597639083862305e+00
-7.814483642578125000e-01
-5.002864599227905273e-01
1.169128179550170898e+00
3.220956325531005859e+00
1.099935919046401978e-01
5.844835042953491211e-01
3.985237181186676025e-01
-1.646210551261901855e-01
-7.409901171922683716e-02
-3.592992424964904785e-01
-3.101707398891448975e-01
7.256798744201660156e-01
1.171988964080810547e+00
6.685517728328704834e-02
-3.852933645248413086e-01
-7.253682613372802734e-01
9.486960768699645996e-01
-3.265300691127777100e-01
5.118618011474609375e-01
4.352599978446960449e-01
-8.475637435913085938e-01
-1.127747595310211182e-01
6.610529422760009766e-01
-2.427385747432708740e-02
-6.761257350444793701e-02
3.067846894264221191e-01
6.790806651115417480e-01
-8.564932942390441895e-01
3.466209769248962402e-02
1.882997155189514160e-02
7.068661451339721680e-01
-1.259042263031005859e+00
-2.914629578590393066e-01
5.523230433464050293e-01
1.050421953201293945e+00
-9.207748174667358398e-01
-6.327560544013977051e-01
-4.743362665176391602e-01
-1.345230698585510254e+00
1.727452874183654785e-01
-5.762798190116882324e-01
4.893622100353240967e-01
-2.091346979141235352e+00
1.862722933292388916e-01
2.915810644626617432e-01
-1.233388662338256836e+00
5.276326537132263184e-01
-4.866475760936737061e-01
1.049645304679870605e+00
-3.851355910301208496e-01
5.653673410415649414e-01
2.401793152093887329e-01
1.378238201141357422e+00
-3.072422742843627930e-01
-1.700357437133789062e+00
-1.178267717361450195e+00
-1.825556278228759766e+00
9.425793886184692383e-01
2.084926366806030273e+00
-1.545439600944519043e+00
-7.607706785202026367e-01
1.216259002685546875e+00
-1.151307702064514160e+00
2.203254699707031250e-01
7.427566647529602051e-01
8.083021640777587891e-01
-5.220249295234680176e-01
-5.970782041549682617e-01
5.093700885772705078e-01
1.514948129653930664e+00
-2.863043546676635742e-01
1.229664832353591919e-01
-8.155685067176818848e-01
8.930422067642211914e-01
-7.197092175483703613e-01
4.010585695505142212e-02
-5.823966264724731445e-01
4.289627373218536377e-01
1.094036325812339783e-01
6.798967719078063965e-02
-3.014963120222091675e-03
-8.717728853225708008e-01
-2.115030437707901001e-01
8.424732685089111328e-01
-1.543748855590820312e+00
6.701862812042236328e-01
1.561443507671356201e-01
7.309363037347793579e-02
-1.044451951980590820e+00
2.535872757434844971e-01
5.756635665893554688e-01
1.116842031478881836e-03
-7.978457212448120117e-01
1.412506461143493652e+00
7.405326962471008301e-01
4.222017526626586914e-01
-1.142262667417526245e-01
-4.534037709236145020e-01
4.024304747581481934e-01
1.768025457859039307e-01
1.316852569580078125e+00
1.843125224113464355e+00
1.126139998435974121e+00
4.191439971327781677e-02
1.412802562117576599e-02
1.216523885726928711e+00
1.553768515586853027e+00
-8.419030904769897461e-01
6.342912316322326660e-01
1.111777901649475098e+00
-8.104499578475952148e-01
-1.325334906578063965e+00
-8.448219299316406250e-02
2.321668863296508789e-01
-7.666965126991271973e-01
-1.115258336067199707e+00
1.005327343940734863e+00
-8.415592908859252930e-01
4.256899058818817139e-01
-1.833885759115219116e-01
8.880344033241271973e-01
4.779383838176727295e-01
1.611559391021728516e+00
-7.085058093070983887e-01
-1.572068333625793457e+00
7.250574231147766113e-01
3.105302453041076660e-01
-5.595281124114990234e-01
-9.508309364318847656e-01
3.338841497898101807e-01
4.550334811210632324e-02
-4.538753628730773926e-01
-2.303811013698577881e-01
-4.358708858489990234e-01
-5.080636963248252869e-02
2.129901051521301270e-01
-7.185624837875366211e-01
5.382146835327148438e-01
-6.754528284072875977e-01
5.505200624465942383e-01
-1.581729292869567871e+00
-3.084172606468200684e-01
-1.983764410018920898e+00
2.656473159790039062e+00
1.108449459075927734e+00
-1.922748684883117676e+00
1.268653392791748047e+00
4.596922993659973145e-01
1.087045550346374512e+00
4.258355498313903809e-01
-6.195321679115295410e-01
2.115894317626953125e+00
3.882932960987091064e-01
-1.773285031318664551e+00
5.448521971702575684e-01
1.719979047775268555e-01
-4.999047219753265381e-01
2.031785249710083008e+00
1.285313516855239868e-01
-2.727111577987670898e-01
-1.328617095947265625e+00
7.049839496612548828e-01
8.067272603511810303e-02
1.722263693809509277e+00
8.149654865264892578e-01
1.651857793331146240e-01
-9.095855355262756348e-01
1.261912941932678223e+00
1.540986180305480957e+00
-1.739179193973541260e-01
8.486823439598083496e-01
1.723186850547790527e+00
-6.444621682167053223e-01
-1.888990879058837891e+00
8.642601966857910156e-01
-7.768052220344543457e-01
-1.042825937271118164e+00
-7.465888261795043945e-01
1.273200750350952148e+00
-1.215565204620361328e+00
-2.502540051937103271e-01
6.148180365562438965e-01
2.425465136766433716e-01
-4.049813151359558105e-01
-1.551324129104614258e+00
-1.942797750234603882e-02
3.320875763893127441e-01
-5.788599252700805664e-01
-9.326549768447875977e-01
-1.979205608367919922e-01
3.097949624061584473e-01
-2.242404073476791382e-01
2.519143819808959961e-01
1.484201401472091675e-01
1.370830416679382324e+00
4.203255772590637207e-01
1.234331130981445312e+00
-8.680562376976013184e-01
-9.253432750701904297e-01
-3.360742032527923584e-01
-1.718666702508926392e-01
-2.007067650556564331e-01
4.745357632637023926e-01
-1.883789777755737305e+00
-1.395583868026733398e+00
-7.019722461700439453e-01
1.177424266934394836e-01
7.733174413442611694e-02
-5.698019862174987793e-01
-6.868500113487243652e-01
-3.255133330821990967e-01
1.484294235706329346e-01
1.293194174766540527e+00
-1.453692674636840820e+00
-5.415496826171875000e-01
-1.403657793998718262e+00
-1.865130662918090820e+00
6.860306859016418457e-02
7.109331488609313965e-01
-1.278162121772766113e+00
-2.409754991531372070e-01
-1.100735962390899658e-01
-6.074762344360351562e-01
-4.150829911231994629e-01
-1.357245445251464844e+00
-1.856295168399810791e-01
9.454284906387329102e-01
8.676450252532958984e-01
-1.341721266508102417e-01
1.202892661094665527e+00
-2.694568932056427002e-01
-1.322170972824096680e+00
6.849916279315948486e-02
-6.895264387130737305e-01
9.895377755165100098e-01
1.178622152656316757e-02
-1.154198765754699707e+00
5.494618415832519531e-01
8.359825611114501953e-01
-2.783196568489074707e-01
-6.613745689392089844e-01
5.965924263000488281e-02
9.568645805120468140e-02
-3.831082582473754883e-01
-2.645340204238891602e+00
-1.218291163444519043e+00
-5.690162181854248047e-01
-7.333164215087890625e-01
3.495441079139709473e-01
1.153018832206726074e+00
-1.709629058837890625e+00
-3.399682044982910156e-01
1.201585531234741211e-01
-2.096923351287841797e+00
-7.864488363265991211e-01
7.716778516769409180e-01
-7.622271776199340820e-01
7.791854739189147949e-01
-1.409219741821289062e+00
-9.590743780136108398e-01
-1.452297925949096680e+00
8.675407767295837402e-01
1.090642452239990234e+00
-5.860696434974670410e-01
8.683088421821594238e-01
1.042112827301025391e+00
7.942594885826110840e-01
2.396277338266372681e-01
6.988468170166015625e-01
-1.248699545860290527e+00
-9.743824601173400879e-02
1.154191255569458008e+00
1.015736222267150879e+00
-1.088490858674049377e-01
1.405209541320800781e+00
-3.057994842529296875e-01
-6.214677095413208008e-01
-6.904515027999877930e-01
-7.179206609725952148e-01
2.360804557800292969e+00
-1.240421056747436523e+00
-7.704373598098754883e-01
5.479311943054199219e-01
-2.398882061243057251e-02
2.779568672180175781e+00
1.129304990172386169e-02
8.960855603218078613e-01
4.834415614604949951e-01
-9.780816435813903809e-01
-4.194492697715759277e-01
-3.053880631923675537e-01
-1.119172811508178711e+00
1.550915539264678955e-01
5.009029060602188110e-02
-1.144900679588317871e+00
1.181810051202774048e-01
-6.429098844528198242e-01
-5.659086108207702637e-01
2.630110740661621094e+00
-4.246101379394531250e-01
-8.124509453773498535e-01
-2.245670706033706665e-01
1.512286067008972168e+00
-3.511525094509124756e-01
-8.362102508544921875e-01
-1.271943569183349609e+00
1.566524386405944824e+00
2.600269079208374023e+00
9.844633936882019043e-01
-1.610555648803710938e-01
-1.439176440238952637e+00
-7.541921734809875488e-01
-6.407853364944458008e-01
-6.612632274627685547e-01
4.572667181491851807e-01
1.419548273086547852e+00
5.412008166313171387e-01
-3.210880160331726074e-01
-1.109893798828125000e+00
7.276564836502075195e-02
7.096424102783203125e-01
1.185469329357147217e-01
2.293420583009719849e-02
1.156363368034362793e+00
7.300152182579040527e-01
1.497025609016418457e+00
-3.655814528465270996e-01
6.688338518142700195e-01
3.761133551597595215e-01
5.008557438850402832e-02
1.949053645133972168e+00
3.281292617321014404e-01
4.335460066795349121e-01
2.297365665435791016e-02
7.541604042053222656e-01
-2.060361862182617188e+00
-1.530940890312194824e+00
8.358770608901977539e-01
1.383025765419006348e+00
-1.176493763923645020e+00
4.726337790489196777e-01
4.585009813308715820e-01
2.255723476409912109e-01
-9.888798594474792480e-01
1.651738286018371582e+00
1.529579401016235352e+00
1.564089059829711914e-01
-6.228735446929931641e-01
4.689322412014007568e-01
4.443669617176055908e-01
-4.212485551834106445e-01
4.334209561347961426e-01
-4.525161981582641602e-01
-4.329939186573028564e-01
1.864292472600936890e-01
