-1.023675203323364258e+00
2.350644826889038086e+00
1.517645835876464844e+00
-1.751810193061828613e+00
-5.380578041076660156e-01
-7.164561003446578979e-02
1.072172522544860840e+00
1.324246525764465332e+00
2.088709026575088501e-01
7.706488370895385742e-01
-9.047707915306091309e-01
1.107974290847778320e+00
-1.125520706176757812e+00
1.436246037483215332e+00
-1.463805198669433594e+00
6.852123737335205078e-01
1.604241430759429932e-01
3.264996409416198730e-01
8.850738406181335449e-01
3.722324967384338379e-01
-3.109313249588012695e-01
1.941669940948486328e+00
-2.978943288326263428e-02
-7.867501378059387207e-01
-4.710650444030761719e-01
2.716912627220153809e-01
9.911721199750900269e-02
3.750469982624053955e-01
-1.423069834709167480e-02
-8.233584165573120117e-01
8.223241567611694336e-02
-1.220124006271362305e+00
-2.493101954460144043e-01
-2.034236669540405273e+00
1.397201299667358398e+00
1.541777491569519043e+00
1.201031208038330078e+00
-1.777297019958496094e+00
3.653624653816223145e-01
7.673376202583312988e-01
1.437207609415054321e-01
-6.571299433708190918e-01
7.232424020767211914e-01
6.026048660278320312e-01
-6.689665317535400391e-01
-8.641740679740905762e-02
1.563509345054626465e+00
1.155633687973022461e+00
-2.859595417976379395e-01
7.490379214286804199e-01
3.686300516128540039e-01
5.231322646141052246e-01
-1.304036527872085571e-01
-9.091980755329132080e-03
-3.659421205520629883e-01
6.127404570579528809e-01
1.003199458122253418e+00
-7.402339577674865723e-01
2.427143335342407227e+00
-8.369465470314025879e-01
4.873099625110626221e-01
-2.240997552871704102e+00
2.293881177902221680e+00
7.761082053184509277e-01
-2.486399710178375244e-01
1.846693754196166992e+00
-1.214717254042625427e-01
-3.824387192726135254e-01
3.859012126922607422e-01
-1.051502466201782227e+00
3.942961096763610840e-01
1.199867248535156250e+00
-6.691533327102661133e-01
-6.337791085243225098e-01
-1.302627325057983398e+00
2.262534618377685547e+00
-1.680008769035339355e-01
-1.243658959865570068e-01
-2.087482810020446777e-02
-1.377437412738800049e-01
-1.198495388031005859e+00
1.622344255447387695e-01
1.386730194091796875e+00
7.872676253318786621e-01
-1.089672565460205078e+00
3.790093898773193359e+00
-6.525456905364990234e-02
-1.544733524322509766e+00
2.566973865032196045e-01
-6.998208165168762207e-01
3.303192555904388428e-01
-3.070458769798278809e-01
-3.845767378807067871e-01
1.887449026107788086e+00
8.247615098953247070e-01
1.644593179225921631e-01
8.458788394927978516e-01
-6.625912785530090332e-01
-5.484043359756469727e-01
1.321493983268737793e+00
-3.658831119537353516e-01
9.915974140167236328e-01
-4.484385848045349121e-01
3.153758645057678223e-01
7.308250665664672852e-01
-1.999094009399414062e+00
-1.093772053718566895e+00
-3.584962785243988037e-01
9.512605071067810059e-01
-6.695230007171630859e-01
-7.298350930213928223e-01
6.333788037300109863e-01
2.605234980583190918e-01
4.822553992271423340e-01
6.551716923713684082e-01
-1.576323986053466797e+00
-1.442086577415466309e+00
3.440999090671539307e-01
-1.166136026382446289e+00
5.429942607879638672e-01
-1.014271140098571777e+00
1.465831160545349121e+00
1.414769887924194336e-01
-3.065371513366699219e-02
3.873049616813659668e-01
-7.368522286415100098e-01
2.260319739580154419e-01
2.715067148208618164e+00
2.140088081359863281e-01
1.294085085391998291e-01
1.606572389602661133e+00
9.144498109817504883e-01
5.018278956413269043e-01
1.483275175094604492e+00
-8.894604444503784180e-02
-8.002820014953613281e-01
-4.307134747505187988e-01
-7.646158337593078613e-02
-7.121218442916870117e-01
2.816029489040374756e-01
-8.099518716335296631e-02
-1.295911312103271484e+00
-2.030604928731918335e-01
1.500301122665405273e+00
-8.413998484611511230e-01
-1.733020305633544922e+00
-3.386672735214233398e-01
1.233816891908645630e-02
-1.728651881217956543e+00
-1.392971158027648926e+00
1.032847046852111816e+00
5.496495217084884644e-02
-9.567244648933410645e-01
2.966205775737762451e-01
-7.267335653305053711e-01
-1.462555170059204102e+00
1.312177419662475586e+00
-4.558573961257934570e-01
-1.360006630420684814e-01
1.329312086105346680e+00
3.113284111022949219e+00
6.849708557128906250e-01
1.222683310508728027e+00
-6.445991992950439453e-01
-5.620077848434448242e-01
3.588007688522338867e-01
8.950060606002807617e-02
-2.529362738132476807e-01
9.961669445037841797e-01
7.239113450050354004e-01
3.767368495464324951e-01
-6.251956820487976074e-01
-4.737733602523803711e-01
1.638334155082702637e+00
2.833718061447143555e-01
8.253214359283447266e-01
1.326510548591613770e+00
-4.017145633697509766e-01
-6.042498350143432617e-01
1.150753259658813477e+00
-1.061495095491409302e-01
1.071940064430236816e+00
1.082450747489929199e+00
1.477463364601135254e+00
-1.219732999801635742e+00
-1.429727554321289062e+00
1.166112780570983887e+00
2.502214610576629639e-01
-7.098524570465087891e-01
-8.138009309768676758e-01
-2.110070288181304932e-01
2.020760297775268555e+00
-6.879595518112182617e-01
-2.813230156898498535e-01
-2.974246740341186523e-01
-3.493908047676086426e-01
5.765102058649063110e-02
-9.168232679367065430e-01
1.575021505355834961e+00
-1.506542801856994629e+00
8.913751691579818726e-02
-3.400358557701110840e-01
-1.257815837860107422e+00
3.643484711647033691e-01
-6.422296762466430664e-01
1.261602044105529785e+00
-1.004866719245910645e+00
-4.154787361621856689e-01
7.218761444091796875e-01
1.376269459724426270e+00
-8.331429958343505859e-01
-1.299625873565673828e+00
-4.932124614715576172e-01
-1.692121505737304688e+00
1.189864635467529297e+00
1.940185904502868652e+00
-1.150729179382324219e+00
-6.141279935836791992e-01
1.891288638114929199e+00
-9.252852201461791992e-01
7.070634365081787109e-01
1.310249209403991699e+00
-4.871995151042938232e-01
-4.119135141372680664e-01
-2.265844941139221191e-01
2.063425481319427490e-01
-2.175836861133575439e-01
1.726191639900207520e-01
4.699614048004150391e-01
-6.636953949928283691e-01
-6.334466934204101562e-01
-1.341294527053833008e+00
7.332538962364196777e-01
-1.457624912261962891e+00
8.798837065696716309e-01
-2.173092961311340332e-01
-1.091836914420127869e-01
-7.928925752639770508e-01
-1.533973813056945801e+00
-8.429008722305297852e-01
6.698030829429626465e-01
-1.080692648887634277e+00
4.755499362945556641e-01
-1.809894740581512451e-01
1.477979421615600586e-01
-9.680505394935607910e-01
-8.741490840911865234e-01
4.356964826583862305e-01
4.258508682250976562e-01
-9.806804060935974121e-01
7.113797068595886230e-01
1.234112501144409180e+00
5.304740667343139648e-01
5.708513259887695312e-01
5.378606915473937988e-01
1.008141785860061646e-01
1.148098468780517578e+00
1.568656921386718750e+00
1.424704909324645996e+00
1.674946188926696777e+00
5.335590243339538574e-01
-1.381755024194717407e-01
1.295576214790344238e+00
1.542763471603393555e+00
-9.987133741378784180e-01
7.260324954986572266e-01
7.418213486671447754e-01
-1.082636356353759766e+00
-1.656373858451843262e+00
2.474289685487747192e-01
-1.497064232826232910e-01
-1.459887146949768066e+00
-1.094578623771667480e+00
6.501110792160034180e-01
-1.670964121818542480e+00
1.598961800336837769e-01
-3.197255730628967285e-01
1.770716905593872070e+00
1.145198702812194824e+00
1.918205261230468750e+00
-3.086367845535278320e-01
-1.085875988006591797e+00
-1.626565158367156982e-01
4.215082526206970215e-01
-7.082468271255493164e-02
-4.903591871261596680e-01
-8.114051222801208496e-01
-1.636922955513000488e-01
-7.175189852714538574e-01
-7.952013015747070312e-01
-6.863904595375061035e-01
-7.841523289680480957e-01
1.089910268783569336e+00
-3.288003802299499512e-01
9.126307964324951172e-01
-6.260333061218261719e-01
1.005665540695190430e+00
-1.007250666618347168e+00
-5.272353291511535645e-01
-1.600659132003784180e+00
1.825289607048034668e+00
7.953230142593383789e-01
-1.237172365188598633e+00
1.466646671295166016e+00
3.427168726921081543e-01
1.243201136589050293e+00
7.579618096351623535e-01
-8.294190764427185059e-01
1.959208488464355469e+00
4.210171103477478027e-02
-1.356590867042541504e+00
1.716523408889770508e+00
-4.998301565647125244e-01
5.245125293731689453e-01
1.849127411842346191e+00
8.491043448448181152e-01
-1.505688905715942383e+00
-1.957132339477539062e+00
-4.469709098339080811e-02
6.801748871803283691e-01
1.715429902076721191e+00
5.190373659133911133e-01
1.626628339290618896e-01
-1.178575158119201660e+00
5.022785663604736328e-01
4.122894406318664551e-01
-4.444630146026611328e-01
5.923433303833007812e-01
1.784001827239990234e+00
-1.060467720031738281e+00
-1.665657281875610352e+00
8.717856407165527344e-01
-1.210644364356994629e+00
-8.025944232940673828e-01
-5.173557400703430176e-01
1.464069366455078125e+00
7.743264734745025635e-02
-8.700557947158813477e-01
1.449861884117126465e+00
1.789127737283706665e-01
-7.338892817497253418e-01
-1.142971992492675781e+00
-4.197833240032196045e-01
5.321712493896484375e-01
-7.608467340469360352e-01
-1.301593661308288574e+00
-5.662223100662231445e-01
9.077805280685424805e-02
1.131510213017463684e-01
5.433346629142761230e-01
4.665777087211608887e-03
5.921323299407958984e-01
7.246552109718322754e-01
1.373544812202453613e+00
-6.122242212295532227e-01
-1.542399525642395020e+00
-6.147497296333312988e-01
-8.436499238014221191e-01
-3.373692035675048828e-01
-3.777626156806945801e-02
-1.465365052223205566e+00
-1.270570039749145508e+00
-1.225328683853149414e+00
-8.592587113380432129e-01
-1.993601024150848389e-02
-5.533944368362426758e-01
1.625733524560928345e-01
-1.466362714767456055e+00
-1.018149480223655701e-01
1.573923945426940918e+00
-6.482985019683837891e-01
-6.130786538124084473e-01
-4.509487748146057129e-01
-1.054739236831665039e+00
3.155504465103149414e-01
1.305165886878967285e+00
-1.373052835464477539e+00
-1.006620302796363831e-01
-9.907320737838745117e-01
-3.250036835670471191e-01
-3.154747188091278076e-01
-9.537360072135925293e-01
-7.246244549751281738e-01
1.097353816032409668e+00
5.458286404609680176e-01
-5.092765092849731445e-01
1.201095581054687500e-01
-5.128518342971801758e-01
-7.081176042556762695e-01
9.866346120834350586e-01
9.674794971942901611e-02
6.456494927406311035e-01
1.777993589639663696e-01
-7.147555351257324219e-01
2.103231251239776611e-01
1.051075935363769531e+00
2.283254414796829224e-01
-6.803638339042663574e-01
9.581997990608215332e-03
9.221647977828979492e-01
8.545942306518554688e-01
-2.485854148864746094e+00
-8.064810633659362793e-01
-1.921495437622070312e+00
-5.714710354804992676e-01
3.849131762981414795e-01
4.987892806529998779e-01
-1.290926218032836914e+00
3.026069998741149902e-01
1.822602152824401855e-01
-2.307296037673950195e+00
-8.258959054946899414e-01
1.536349415779113770e+00
-8.018836379051208496e-01
9.146875143051147461e-01
-1.255761623382568359e+00
-1.436694264411926270e+00
-8.763889074325561523e-01
4.505444169044494629e-01
1.218447446823120117e+00
-3.746643662452697754e-01
6.149981617927551270e-01
1.481426239013671875e+00
1.528644859790802002e-01
-9.236443787813186646e-03
1.041965246200561523e+00
-4.850515425205230713e-01
1.662272661924362183e-01
2.267163276672363281e+00
1.085558295249938965e+00
-1.005036011338233948e-01
1.778277397155761719e+00
2.528477609157562256e-01
-7.326560020446777344e-01
-4.101473689079284668e-01
-7.279582023620605469e-01
7.443748712539672852e-01
-1.168128609657287598e+00
-1.139430046081542969e+00
-4.876338839530944824e-01
3.559029102325439453e-01
2.045476913452148438e+00
3.504537045955657959e-02
1.912657737731933594e+00
1.117430806159973145e+00
-1.942833662033081055e+00
-1.388603925704956055e+00
-4.349897503852844238e-01
-1.311838150024414062e+00
-2.791449427604675293e-01
4.432239234447479248e-01
-7.796316146850585938e-01
-4.375052154064178467e-01
1.696723997592926025e-01
3.631163239479064941e-01
2.431464672088623047e+00
-4.028302729129791260e-01
-1.581377625465393066e+00
-1.091237813234329224e-01
1.271323561668395996e+00
-7.006016373634338379e-01
-1.431077241897583008e+00
-3.131924271583557129e-01
1.550736665725708008e+00
2.324996948242187500e+00
5.441463589668273926e-01
5.062924027442932129e-01
-1.228832125663757324e+00
-1.822367608547210693e-01
-7.653594017028808594e-01
-1.134651541709899902e+00
4.845700562000274658e-01
8.449211120605468750e-01
8.772059082984924316e-01
-1.103146225214004517e-01
-2.078007221221923828e+00
-3.801569342613220215e-01
2.721343338489532471e-01
3.440473377704620361e-01
8.754768967628479004e-01
2.199500083923339844e+00
2.945768833160400391e-01
1.650153517723083496e+00
-2.117627412080764771e-01
-3.479834645986557007e-02
6.981707215309143066e-01
1.419989824295043945e+00
2.343740940093994141e+00
7.962387800216674805e-02
1.284968018531799316e+00
-2.513357996940612793e-01
1.579073309898376465e+00
-1.966378211975097656e+00
-1.443444967269897461e+00
8.083829879760742188e-01
3.944096565246582031e-01
-1.029513716697692871e+00
6.450352668762207031e-01
4.073931574821472168e-01
7.168881297111511230e-01
-1.905912905931472778e-01
1.116758942604064941e+00
7.908481955528259277e-01
3.656986951828002930e-01
2.292464971542358398e-01
1.282961010932922363e+00
3.984840810298919678e-01
1.043565988540649414e+00
-1.458599045872688293e-02
-3.091934323310852051e-01
1.324007511138916016e-01
7.621284723281860352e-01
