8.783335685729980469e-01
2.026821136474609375e+00
-3.384809494018554688e-01
2.944829463958740234e-01
-1.914100408554077148e+00
-1.068099141120910645e+00
3.106266558170318604e-01
-6.483156681060791016e-01
-1.262973099946975708e-01
-3.262065649032592773e-01
-5.191515088081359863e-01
4.587216973304748535e-01
-1.101588010787963867e+00
1.333037257194519043e+00
-1.423805594444274902e+00
2.559536397457122803e-01
1.259077042341232300e-01
1.040867567062377930e+00
1.562251150608062744e-02
1.081481814384460449e+00
-2.168323099613189697e-01
8.916151523590087891e-01
-9.665897488594055176e-01
-4.830740094184875488e-01
-1.667699664831161499e-01
7.798091173171997070e-01
9.326037168502807617e-01
-1.225624799728393555e+00
4.923931062221527100e-01
-3.892645537853240967e-01
-4.410301446914672852e-01
-1.872202306985855103e-01
-1.259798765182495117e+00
-1.731321573257446289e+00
-1.029429793357849121e+00
8.420130014419555664e-01
7.399288415908813477e-01
-3.979962766170501709e-01
-3.760440647602081299e-01
1.937635302543640137e+00
-1.320357322692871094e+00
5.338231921195983887e-01
-3.052273094654083252e-01
7.494580149650573730e-01
-3.158715665340423584e-01
3.788256347179412842e-01
-1.539388597011566162e-01
2.042520493268966675e-01
-7.825069427490234375e-01
8.347651362419128418e-01
3.063332289457321167e-03
7.923010587692260742e-01
-2.552313506603240967e-01
4.072494804859161377e-03
-3.328719139099121094e-01
-2.968077063560485840e-01
8.049127459526062012e-01
-8.752079010009765625e-01
2.384926319122314453e+00
-6.552226543426513672e-01
-2.520178258419036865e-02
-1.129167079925537109e+00
3.298741579055786133e+00
1.764065980911254883e+00
-8.153797388076782227e-01
1.150923967361450195e+00
-7.201760411262512207e-01
-5.279781818389892578e-01
-1.126882672309875488e+00
-5.048561096191406250e-01
-2.559167146682739258e-01
3.453114032745361328e-01
7.219973802566528320e-01
-2.138998270034790039e+00
-7.277935147285461426e-01
9.062067866325378418e-01
-4.721979796886444092e-02
2.895040810108184814e-01
2.155136764049530029e-01
1.532144993543624878e-01
-1.362878561019897461e+00
-8.428531885147094727e-01
1.321064233779907227e+00
1.446078866720199585e-01
-4.110711812973022461e-01
3.254657268524169922e+00
-6.053292751312255859e-01
5.262433290481567383e-01
-6.218140572309494019e-02
5.012717843055725098e-01
6.636338233947753906e-01
-6.846032142639160156e-01
-5.588294267654418945e-01
8.777928352355957031e-01
-5.923388600349426270e-01
2.918402254581451416e-01
-1.016338765621185303e-01
-7.316054105758666992e-01
-3.549833595752716064e-01
7.701244354248046875e-01
8.109912872314453125e-01
1.483353137969970703e+00
-1.662688255310058594e-01
-4.949705004692077637e-01
5.340520739555358887e-01
-3.578476309776306152e-01
-7.280633449554443359e-01
2.241065725684165955e-02
4.265697896480560303e-01
-4.339136183261871338e-01
7.990370392799377441e-01
-3.306843042373657227e-01
8.402218818664550781e-01
-1.002449035644531250e+00
1.922449022531509399e-01
-1.365145683288574219e+00
-8.610844612121582031e-01
8.101738095283508301e-01
-1.575240254402160645e+00
-7.210098505020141602e-01
1.022044062614440918e+00
1.401805758476257324e+00
-4.187169969081878662e-01
-1.193339705467224121e+00
2.231290191411972046e-01
-9.272500872611999512e-01
4.043990969657897949e-01
-5.813537836074829102e-01
-2.502196729183197021e-01
5.331643223762512207e-01
7.240864634513854980e-01
1.014199614524841309e+00
1.335937023162841797e+00
1.491291761398315430e+00
-1.671919971704483032e-02
-5.892511606216430664e-01
9.512113928794860840e-01
-4.206178188323974609e-01
1.004381060600280762e+00
-8.282057046890258789e-01
-5.035783648490905762e-01
-4.580825567245483398e-01
6.886138319969177246e-01
1.420292854309082031e+00
4.888169467449188232e-02
-4.792792797088623047e-01
-1.037641540169715881e-01
-7.868548631668090820e-01
-5.337879061698913574e-01
-8.715795874595642090e-01
4.250825047492980957e-01
-7.733491063117980957e-01
-7.834187895059585571e-02
8.718605041503906250e-01
-9.085961580276489258e-01
-5.431133508682250977e-01
1.174189686775207520e+00
-1.316147208213806152e+00
-1.795757770538330078e+00
1.313012599945068359e+00
1.810722470283508301e+00
8.488119244575500488e-01
-5.289391428232192993e-02
1.476830363273620605e+00
-1.589334607124328613e-01
-3.679209351539611816e-01
1.193932890892028809e+00
-4.784508645534515381e-01
-4.127450287342071533e-01
7.910436987876892090e-01
4.876372218132019043e-02
-2.696052491664886475e-01
1.016459226608276367e+00
1.186600804328918457e+00
-8.596591353416442871e-01
1.639642596244812012e+00
2.810800313949584961e+00
-1.219985246658325195e+00
-1.886191070079803467e-01
6.244711875915527344e-01
1.025819927453994751e-01
-9.927329421043395996e-02
-5.575143098831176758e-01
-9.026412963867187500e-01
2.518360912799835205e-01
-1.322890758514404297e+00
-1.228859663009643555e+00
5.736116170883178711e-01
-6.930683851242065430e-01
-3.579376935958862305e-01
1.828146129846572876e-01
2.088789194822311401e-01
-2.664378881454467773e-01
1.055809020996093750e+00
6.298605799674987793e-01
-7.505735754966735840e-01
-6.368990540504455566e-01
1.124117970466613770e+00
-8.105348944664001465e-01
-4.000221192836761475e-01
1.374953150749206543e+00
-9.834977984428405762e-01
-2.066382884979248047e+00
5.368638038635253906e-01
-1.485770702362060547e+00
-7.486171722412109375e-01
-7.766516804695129395e-01
-3.312309086322784424e-01
1.123737096786499023e+00
1.153354644775390625e+00
-1.513557732105255127e-01
-1.752614498138427734e+00
-1.143515348434448242e+00
1.740158796310424805e-01
6.056260466575622559e-01
-5.623958706855773926e-01
-1.526764929294586182e-01
-8.815711140632629395e-01
9.058864712715148926e-01
2.632190585136413574e-01
-1.823597252368927002e-01
5.762425661087036133e-01
5.440970063209533691e-01
-5.837301015853881836e-01
-3.272852301597595215e-01
-5.671030282974243164e-01
6.288514137268066406e-01
-1.083397507667541504e+00
1.239778041839599609e+00
-6.176878213882446289e-01
1.001495003700256348e+00
-3.660451620817184448e-02
-7.238190174102783203e-01
7.233444452285766602e-01
2.168881893157958984e-01
-4.567740559577941895e-01
1.550959110260009766e+00
4.607161283493041992e-01
-5.618021488189697266e-01
-4.266350269317626953e-01
-3.564505875110626221e-01
-3.809127211570739746e-01
1.310016036033630371e+00
5.262806266546249390e-02
-5.495357513427734375e-01
-1.270689070224761963e-01
6.092900037765502930e-01
-2.897918522357940674e-01
1.259735345840454102e+00
-1.929772138595581055e+00
2.927824258804321289e-01
1.954180896282196045e-01
7.629951238632202148e-01
-6.334001421928405762e-01
7.569963932037353516e-01
1.721014261245727539e+00
-4.547646045684814453e-01
6.413435935974121094e-01
1.250343441963195801e+00
-6.419596672058105469e-01
-3.793076276779174805e-01
-6.119422912597656250e-01
1.196025311946868896e-02
2.336840182542800903e-01
-2.027423381805419922e-01
5.500583648681640625e-01
-2.987738549709320068e-01
-4.306055009365081787e-01
2.114487141370773315e-01
6.318660080432891846e-02
6.205526590347290039e-01
-4.313722252845764160e-01
-2.079159259796142578e+00
9.153049588203430176e-01
-4.782349467277526855e-01
-6.351600289344787598e-01
1.548924326896667480e+00
1.111403703689575195e+00
-4.309315383434295654e-01
1.216917276382446289e+00
-1.373824357986450195e+00
-6.199948191642761230e-01
1.146734714508056641e+00
9.727520942687988281e-01
3.276941180229187012e-02
1.180773302912712097e-01
1.245768517255783081e-01
1.842222690582275391e+00
-1.148578882217407227e+00
2.971222698688507080e-01
8.311279863119125366e-02
-1.112881541252136230e+00
1.235679239034652710e-01
-1.023003935813903809e+00
1.923964917659759521e-01
-6.364617943763732910e-01
-1.234978914260864258e+00
-1.525407195091247559e+00
1.272014260292053223e+00
-1.517289638519287109e+00
1.359214544296264648e+00
8.306148052215576172e-01
-1.423014879226684570e+00
1.713717937469482422e+00
-6.336995363235473633e-01
2.085054397583007812e+00
-1.640653163194656372e-01
7.831147313117980957e-01
-1.518011689186096191e-01
-2.100502848625183105e-01
-1.731805205345153809e-01
-7.271325588226318359e-01
1.626910716295242310e-01
2.759438157081604004e-01
2.056110620498657227e+00
-9.122623205184936523e-01
6.606064438819885254e-01
-2.439121156930923462e-02
-4.823422431945800781e-02
1.593309879302978516e+00
1.182172179222106934e+00
-8.059617877006530762e-02
-9.860108792781829834e-02
-1.036173343658447266e+00
-3.021843433380126953e-01
1.068918585777282715e+00
4.015387594699859619e-01
2.738162875175476074e-01
2.203755080699920654e-01
6.404347717761993408e-02
-7.905540466308593750e-01
3.392645716667175293e-02
-1.694018542766571045e-01
5.120576620101928711e-01
-1.241519212722778320e+00
8.704568147659301758e-01
-8.247808814048767090e-01
-2.161017954349517822e-01
1.314510226249694824e+00
-2.993196845054626465e-01
-8.904684782028198242e-01
-4.109177291393280029e-01
9.390019178390502930e-01
5.856208205223083496e-01
-1.414947867393493652e+00
-3.686831593513488770e-01
-3.430090546607971191e-01
1.206884741783142090e+00
-3.293797969818115234e-01
-1.574729442596435547e+00
-1.001285314559936523e+00
7.258610129356384277e-01
1.422476172447204590e-01
1.535588979721069336e+00
2.008125483989715576e-01
-1.834733039140701294e-01
6.593066453933715820e-01
-1.736198663711547852e+00
6.563858389854431152e-01
-5.910940170288085938e-01
-4.274345636367797852e-01
-1.171831727027893066e+00
-1.266087651252746582e+00
2.493952214717864990e-02
-3.532034158706665039e-01
-2.259893119335174561e-01
-9.995427727699279785e-01
-2.935744524002075195e-01
1.621373414993286133e+00
7.691949009895324707e-01
-1.108764648437500000e+00
-6.504467725753784180e-01
-9.589139819145202637e-01
1.039083361625671387e+00
1.827495217323303223e+00
7.749397754669189453e-01
-8.395887613296508789e-01
-6.161639466881752014e-02
4.939284026622772217e-01
2.324389815330505371e-01
-1.266201615333557129e+00
-9.288573265075683594e-01
1.668198406696319580e-01
-5.280057191848754883e-01
8.813217878341674805e-01
1.320484757423400879e+00
8.402005434036254883e-01
-7.779720425605773926e-01
-1.503648281097412109e+00
1.159663558006286621e+00
-1.149322390556335449e+00
1.167881846427917480e+00
-1.839413195848464966e-01
2.504547685384750366e-02
5.151346921920776367e-01
3.554556965827941895e-01
5.044738650321960449e-01
-4.707365632057189941e-01
-4.146797060966491699e-01
-5.302910804748535156e-01
2.263523638248443604e-01
-9.359709620475769043e-01
5.803948044776916504e-01
-6.132146716117858887e-01
-8.372236788272857666e-02
8.849442005157470703e-01
4.815323650836944580e-01
-7.582525610923767090e-01
-6.306444108486175537e-02
6.270432472229003906e-01
-1.462294101715087891e+00
4.882712662220001221e-01
8.200818300247192383e-01
-2.491426229476928711e+00
2.234955310821533203e+00
3.582680821418762207e-01
-1.388587951660156250e+00
-5.075310468673706055e-01
-6.309483647346496582e-01
4.354103207588195801e-01
5.090193748474121094e-01
-1.837915480136871338e-01
1.372926831245422363e+00
1.931650005280971527e-02
1.592551767826080322e-01
-6.724599003791809082e-02
-3.390208184719085693e-01
4.127461612224578857e-01
4.104240834712982178e-01
3.111772537231445312e-01
8.199893832206726074e-01
2.574356645345687866e-02
5.553936362266540527e-01
-6.443808078765869141e-01
-3.211031258106231689e-01
-3.279854357242584229e-01
1.301020979881286621e+00
-3.437244892120361328e-01
1.687972396612167358e-01
1.583409905433654785e+00
-5.166025757789611816e-01
1.806879997253417969e+00
1.535024523735046387e+00
-9.731588512659072876e-02
6.040198802947998047e-01
7.907066941261291504e-01
5.765100568532943726e-02
-2.269545078277587891e+00
4.874211847782135010e-01
-4.504446089267730713e-01
-6.598602235317230225e-02
4.175558388233184814e-01
1.258000373840332031e+00
-1.077038407325744629e+00
3.739234805107116699e-01
1.094230651855468750e+00
-1.158908605575561523e+00
2.452809512615203857e-01
6.473183631896972656e-03
-5.199336409568786621e-01
2.561188340187072754e-01
6.403800845146179199e-01
-9.753462672233581543e-01
1.055953651666641235e-01
1.787715196609497070e+00
1.607641279697418213e-01
5.723463892936706543e-01
-1.370847225189208984e+00
1.314239859580993652e+00
5.441708564758300781e-01
-4.635469615459442139e-01
4.039908349514007568e-01
4.616647958755493164e-01
3.819503784179687500e-01
-6.217952966690063477e-01
-3.995191454887390137e-01
-7.145734429359436035e-01
5.881676077842712402e-02
-1.931999176740646362e-01
-1.645791828632354736e-01
1.499283015727996826e-01
5.641739964485168457e-01
2.073503732681274414e+00
-1.182956814765930176e+00
-1.174555301666259766e+00
7.239259481430053711e-01
-5.308509469032287598e-01
1.474060177803039551e+00
-4.310853779315948486e-01
5.743901133537292480e-01
-4.900338053703308105e-01
6.424959897994995117e-01
-1.375777482986450195e+00
-4.718855321407318115e-01
6.839412450790405273e-01
1.140299797058105469e+00
2.568026185035705566e-01
2.555231571197509766e+00
3.889138698577880859e-01
5.469018816947937012e-01
-8.912460207939147949e-01
1.292599558830261230e+00
1.373823642730712891e+00
-1.205855309963226318e-01
-3.899117112159729004e-01
1.694358885288238525e-01
3.437061011791229248e-01
-7.928592562675476074e-01
1.141188502311706543e+00
1.910274624824523926e-01
-7.503591775894165039e-01
1.418453097343444824e+00
