6.710219383239746094e-02
2.127218097448348999e-01
6.462964415550231934e-02
-2.847477421164512634e-02
1.878298282623291016e+00
4.922751188278198242e-01
-7.356420755386352539e-01
1.157291680574417114e-01
-9.695049524307250977e-01
-9.083808958530426025e-02
1.710309267044067383e+00
4.820802062749862671e-02
-1.294680684804916382e-02
-2.231515347957611084e-01
1.442102938890457153e-01
1.581275463104248047e-01
1.612887382507324219e+00
-8.181535005569458008e-01
-1.594822257757186890e-01
5.209561586380004883e-01
-1.405082345008850098e+00
7.661054730415344238e-01
5.560752004384994507e-02
-1.440536618232727051e+00
-3.229128122329711914e-01
6.155592799186706543e-01
4.178041517734527588e-01
-8.486986160278320312e-01
-1.092506289482116699e+00
-2.715311765670776367e+00
-2.292423695325851440e-01
1.310255169868469238e+00
3.431605398654937744e-01
-1.445612013339996338e-01
-1.061918139457702637e+00
-5.104821920394897461e-01
-1.421950340270996094e+00
-1.383637428283691406e+00
-1.361706614494323730e+00
1.849005699157714844e+00
-1.364318728446960449e+00
-3.857921659946441650e-01
-7.186074256896972656e-01
1.086066842079162598e+00
7.488228082656860352e-01
-7.320061326026916504e-02
4.219304621219635010e-01
1.622336745262145996e+00
1.580164909362792969e+00
-3.151087462902069092e-02
-7.990406155586242676e-01
-3.885843455791473389e-01
-1.665220856666564941e-01
-1.044011950492858887e+00
-1.778242290019989014e-01
-7.751544713973999023e-01
-2.579624056816101074e-01
3.701039850711822510e-01
-1.404346585273742676e+00
1.348488777875900269e-02
-1.854401111602783203e+00
-1.181000351905822754e+00
1.613528490066528320e+00
-1.948696672916412354e-01
5.011951923370361328e-01
-1.348014950752258301e+00
3.141378164291381836e-01
-3.781979084014892578e-01
1.469859838485717773e+00
-1.510810703039169312e-01
7.829850912094116211e-01
-8.145668506622314453e-01
-1.314318031072616577e-01
-1.359679818153381348e+00
2.109394669532775879e-01
-5.326030850410461426e-01
-1.143024206161499023e+00
2.663837075233459473e-01
-2.669245600700378418e-01
-4.213818907737731934e-02
-1.322710275650024414e+00
4.539904296398162842e-01
-5.234735012054443359e-01
-1.773160338401794434e+00
-8.744991421699523926e-01
-2.164128541946411133e+00
9.421591758728027344e-01
4.614602923393249512e-01
5.440443158149719238e-01
1.245551228523254395e+00
-1.379735708236694336e+00
1.580298423767089844e+00
-1.398253440856933594e+00
7.181406021118164062e-01
-5.548141002655029297e-01
8.492945134639739990e-02
-1.432092070579528809e+00
-5.764761567115783691e-01
4.767491221427917480e-01
-2.191863059997558594e+00
1.333002924919128418e+00
-6.532378196716308594e-01
-1.248030662536621094e+00
-5.769448280334472656e-01
-2.582668066024780273e+00
5.707139372825622559e-01
5.243537425994873047e-01
-3.791986405849456787e-01
-8.529543280601501465e-01
6.094260215759277344e-01
1.544879555702209473e+00
1.652747392654418945e-02
2.847547233104705811e-01
1.013285040855407715e+00
-7.809380441904067993e-02
1.741209030151367188e+00
-8.911118507385253906e-01
8.224601745605468750e-01
-4.625570401549339294e-02
-1.262466609477996826e-02
-5.321661233901977539e-01
-1.040300965309143066e+00
-3.150904178619384766e-01
-1.162858486175537109e+00
-1.259008944034576416e-01
-6.950922608375549316e-01
8.453593850135803223e-01
-1.027168393135070801e+00
-1.446188926696777344e+00
5.861189365386962891e-01
1.031202197074890137e+00
1.240014314651489258e+00
4.025008082389831543e-01
-4.083631634712219238e-01
3.506038486957550049e-01
6.942728161811828613e-02
-4.777919650077819824e-01
2.230565309524536133e+00
1.044278025627136230e+00
-2.974488139152526855e-01
4.458249211311340332e-01
3.247065544128417969e-01
8.545755743980407715e-01
-9.359094500541687012e-02
-9.003030657768249512e-01
1.931956559419631958e-01
5.411177873611450195e-02
1.878118991851806641e+00
-1.443401336669921875e+00
4.087217152118682861e-01
-5.602746009826660156e-01
-6.125686317682266235e-02
3.588833212852478027e-01
-4.312105774879455566e-01
-2.807722687721252441e-01
-9.301697015762329102e-01
-9.974956512451171875e-01
-4.378239065408706665e-02
3.545702993869781494e-01
3.076305091381072998e-01
-7.041991353034973145e-01
-1.619534254074096680e+00
2.224469423294067383e+00
7.268644869327545166e-02
5.396658182144165039e-02
3.695593476295471191e-01
-7.940768003463745117e-01
-1.027113556861877441e+00
-1.170422077178955078e+00
-5.432251691818237305e-01
-2.433849275112152100e-01
-6.228935718536376953e-02
-1.109749436378479004e+00
-1.478782892227172852e+00
-1.677561998367309570e-01
-5.068598985671997070e-01
1.032526850700378418e+00
9.296367168426513672e-01
2.247890532016754150e-01
7.546064853668212891e-01
3.530697226524353027e-01
-2.012215614318847656e+00
-1.506379127502441406e+00
-3.241992294788360596e-01
-1.296512126922607422e+00
3.084145188331604004e-01
-1.269662261009216309e+00
1.478206515312194824e+00
8.293093442916870117e-01
2.764563858509063721e-01
5.475466251373291016e-01
-1.945063471794128418e-01
-6.155732274055480957e-02
-1.240979582071304321e-01
5.149481296539306641e-01
-2.225948572158813477e-01
-8.140614628791809082e-01
4.479967653751373291e-01
-2.067673206329345703e-01
3.299213945865631104e-01
-1.300169229507446289e-01
-7.219138145446777344e-01
1.001982927322387695e+00
6.538642644882202148e-01
1.342063903808593750e+00
-1.669096946716308594e-01
-9.845706224441528320e-01
5.799584984779357910e-01
-3.425031900405883789e-01
-8.638159930706024170e-02
2.547988593578338623e-01
-3.221124112606048584e-01
-1.626869201660156250e+00
9.678545594215393066e-02
-2.588716447353363037e-01
1.264180779457092285e+00
-1.611497759819030762e+00
-3.342103362083435059e-01
8.932555317878723145e-01
8.018336296081542969e-01
-2.885565161705017090e-01
1.549488663673400879e+00
3.498285412788391113e-01
-1.823361068964004517e-01
8.904169201850891113e-01
-2.329773306846618652e-01
2.698780000209808350e-01
6.490419507026672363e-01
-4.022538661956787109e-01
1.182801961898803711e+00
-1.211856722831726074e+00
5.932981967926025391e-01
-3.302156329154968262e-01
2.800484597682952881e-01
-6.662114858627319336e-01
-4.344778656959533691e-01
-7.325884103775024414e-01
-3.594693243503570557e-01
-4.817302227020263672e-01
1.881055116653442383e+00
-4.101294279098510742e-01
1.406273722648620605e+00
-2.023077964782714844e+00
-1.625411510467529297e+00
-6.001312732696533203e-01
-2.488437592983245850e-01
7.355279922485351562e-01
5.542336702346801758e-01
-3.680070340633392334e-01
-1.447915792465209961e+00
3.628022074699401855e-01
-8.892557621002197266e-01
-8.975068926811218262e-01
-2.192036807537078857e-01
-6.376268714666366577e-02
8.530181050300598145e-01
-1.991165280342102051e-01
-4.500468447804450989e-02
7.182168960571289062e-01
6.804060935974121094e-01
-2.036331892013549805e+00
-4.086861908435821533e-01
6.538586318492889404e-02
-8.806656599044799805e-01
1.862525790929794312e-01
1.205968618392944336e+00
1.437876939773559570e+00
1.358127355575561523e+00
6.527865529060363770e-01
1.259002536535263062e-01
-2.582578063011169434e-01
-9.904901981353759766e-01
-2.936012148857116699e-01
-1.033810973167419434e+00
3.587997853755950928e-01
-4.790450334548950195e-01
6.186779141426086426e-01
1.226263999938964844e+00
-6.565594673156738281e-01
-9.420445561408996582e-01
-6.816164851188659668e-01
1.354479491710662842e-01
3.018177986145019531e+00
5.212542414665222168e-01
-8.810050785541534424e-02
-2.120917588472366333e-01
7.925939559936523438e-01
-5.213049054145812988e-02
-7.894865274429321289e-01
-4.607781767845153809e-03
8.843472003936767578e-01
-1.237789034843444824e+00
-9.164260625839233398e-01
8.693373799324035645e-01
-6.761853098869323730e-01
-6.551585197448730469e-01
9.971599578857421875e-01
4.923118054866790771e-01
9.418968558311462402e-01
-1.296064853668212891e+00
-3.488584235310554504e-02
1.158259630203247070e+00
5.435608327388763428e-02
1.467251777648925781e-02
7.556874155998229980e-01
7.946493029594421387e-01
-6.802255511283874512e-01
1.606661081314086914e+00
-6.754994392395019531e-01
-2.280425786972045898e+00
5.930508971214294434e-01
5.764101743698120117e-01
9.368275105953216553e-02
1.318226456642150879e+00
2.525879144668579102e-01
4.445642232894897461e-01
1.228423118591308594e+00
9.760565757751464844e-01
1.026005893945693970e-01
4.746330082416534424e-01
-3.151943087577819824e-01
2.899349927902221680e-01
6.633976697921752930e-01
1.437791585922241211e+00
5.577451586723327637e-01
-3.110950887203216553e-01
5.018222332000732422e-01
4.951025843620300293e-01
2.151335179805755615e-01
2.515366673469543457e-01
-1.999111652374267578e+00
1.995138227939605713e-01
1.990322947502136230e+00
6.094706654548645020e-01
1.064501643180847168e+00
-4.243867397308349609e-01
1.279337167739868164e+00
1.680809497833251953e+00
2.943120002746582031e-01
5.055710673332214355e-01
-1.398045271635055542e-01
-2.533667087554931641e-01
-2.116710424423217773e+00
4.035837054252624512e-01
2.377117872238159180e-01
-1.037348620593547821e-02
-1.210198760032653809e+00
5.518324375152587891e-01
1.432563543319702148e+00
-1.739521503448486328e+00
1.062747955322265625e+00
-1.135247707366943359e+00
1.831247091293334961e+00
1.193974494934082031e+00
8.463196158409118652e-01
-5.384439826011657715e-01
3.443797230720520020e-01
-1.775539368391036987e-01
-9.984780848026275635e-02
-1.094396352767944336e+00
6.561193466186523438e-01
1.261491417884826660e+00
-4.000023305416107178e-01
-1.036281943321228027e+00
-1.209493130445480347e-01
1.020357489585876465e+00
1.205404043197631836e+00
6.627940535545349121e-01
1.996306896209716797e+00
-6.736623644828796387e-01
-1.883978366851806641e+00
-3.309510946273803711e-01
-1.976345419883728027e+00
1.351818442344665527e-03
1.174417376518249512e+00
-7.630558609962463379e-01
-9.675135612487792969e-01
-5.383151769638061523e-01
1.047000408172607422e+00
-1.563707470893859863e+00
-3.074688464403152466e-02
2.852530181407928467e-01
1.964030981063842773e+00
9.142820239067077637e-01
2.318109512329101562e+00
-6.018790602684020996e-01
3.352970480918884277e-01
-3.292389214038848877e-02
5.706012248992919922e-03
-4.823438525199890137e-01
5.460397005081176758e-01
5.065227746963500977e-01
1.281483173370361328e+00
3.732226490974426270e-01
1.560235381126403809e+00
1.400687217712402344e+00
-5.861054658889770508e-01
5.496219396591186523e-01
-1.509742289781570435e-01
1.955111175775527954e-01
-3.506403565406799316e-01
1.866109073162078857e-01
4.339787960052490234e-01
-1.783277988433837891e+00
-1.345625042915344238e+00
1.966719388961791992e+00
-2.329114675521850586e-01
-3.307856023311614990e-01
7.813515663146972656e-01
5.561415553092956543e-01
-1.868274807929992676e-01
-7.284858226776123047e-01
1.459244936704635620e-01
3.373908996582031250e-01
-2.646595537662506104e-01
9.594372510910034180e-01
1.637381434440612793e+00
-2.644351959228515625e+00
2.070216536521911621e-01
-7.956714034080505371e-01
5.141615867614746094e-01
8.388792872428894043e-01
9.512478113174438477e-01
-5.970394015312194824e-01
-7.768725752830505371e-01
-1.326815605163574219e+00
-1.306004226207733154e-01
1.528413772583007812e+00
8.078174591064453125e-01
-4.443776011466979980e-01
3.024816215038299561e-01
7.669698596000671387e-01
1.497229337692260742e+00
-1.918443083763122559e+00
2.070347785949707031e+00
-8.267641067504882812e-01
1.683703303337097168e+00
-1.203029513359069824e+00
-2.506172657012939453e-02
1.617459774017333984e+00
4.374342560768127441e-01
-6.840405464172363281e-01
-5.273805856704711914e-01
4.468171596527099609e-01
-1.219371259212493896e-01
2.748024761676788330e-01
1.864122599363327026e-01
-1.639411687850952148e+00
7.571079134941101074e-01
6.244978308677673340e-02
-3.663162291049957275e-01
4.399006068706512451e-02
-2.103628873825073242e+00
-9.672189950942993164e-01
3.892268538475036621e-01
1.496843397617340088e-01
1.594159603118896484e-01
4.438803195953369141e-01
6.370571255683898926e-01
-2.964054644107818604e-01
1.905736923217773438e-01
-1.646488547325134277e+00
-6.667411327362060547e-01
-2.466798573732376099e-01
-3.315298259258270264e-01
7.895921170711517334e-02
-1.314949840307235718e-01
1.965953111648559570e-01
9.906371831893920898e-01
1.113068819046020508e+00
-4.521586000919342041e-02
-6.728016138076782227e-01
-2.458651512861251831e-01
2.026034444570541382e-01
-1.038325548171997070e+00
1.412361145019531250e+00
-1.201309800148010254e+00
6.513995528221130371e-01
5.008702278137207031e-01
9.385647773742675781e-01
6.077151298522949219e-01
7.913836836814880371e-01
6.936649084091186523e-01
1.436208128929138184e+00
-4.883220195770263672e-01
1.321551442146301270e+00
2.144260644912719727e+00
5.143061876296997070e-01
8.450182676315307617e-01
-2.029497861862182617e+00
-8.948559165000915527e-01
-4.761123061180114746e-01
-1.587882399559020996e+00
-8.279152512550354004e-01
-1.690132021903991699e-01
-2.387484312057495117e-01
-8.153375238180160522e-02
8.215829133987426758e-01
2.196207642555236816e-01
-4.057859182357788086e-01
-6.264908611774444580e-02
3.591825366020202637e-01
-2.387496829032897949e-01
7.585802078247070312e-01
-1.387822747230529785e+00
1.241530299186706543e+00
3.713183104991912842e-03
5.792195200920104980e-01
1.380998969078063965e+00
6.599234342575073242e-01
-3.001160323619842529e-01
4.001385718584060669e-02
