5.434842109680175781e-01
9.440208673477172852e-01
2.792457640171051025e-01
-9.858839511871337891e-01
1.391623973846435547e+00
8.590891361236572266e-01
1.588050127029418945e-01
1.334940552711486816e+00
-9.435386657714843750e-01
-1.751120448112487793e+00
1.263341903686523438e+00
-5.949400737881660461e-02
1.734419912099838257e-02
-4.522493183612823486e-01
-7.541765272617340088e-02
6.179474592208862305e-01
1.195199131965637207e+00
-1.072254776954650879e+00
-7.644160389900207520e-01
-5.718789994716644287e-03
-5.759954452514648438e-01
1.117572307586669922e+00
7.213559150695800781e-01
-5.150794982910156250e-01
9.504923224449157715e-01
5.067499876022338867e-01
1.085187196731567383e+00
-1.290501654148101807e-01
-9.596419334411621094e-01
-1.182482838630676270e+00
-9.672313928604125977e-02
8.992956876754760742e-01
2.292131930589675903e-01
-1.191858768463134766e+00
-9.527891278266906738e-01
-8.708412647247314453e-01
2.504345476627349854e-01
-9.324506521224975586e-01
-8.923947811126708984e-01
1.600539684295654297e+00
-8.256338238716125488e-01
4.404569864273071289e-01
-6.255555152893066406e-01
5.513635873794555664e-01
1.557210445404052734e+00
-9.903447031974792480e-01
9.312449097633361816e-01
1.867568135261535645e+00
1.786661028861999512e+00
-1.254712492227554321e-01
-6.552488207817077637e-01
-5.784052610397338867e-02
5.911257863044738770e-02
-6.520018577575683594e-01
6.007264256477355957e-01
-5.573840141296386719e-01
4.276509582996368408e-02
-2.975252866744995117e-01
-1.846124172210693359e+00
1.992554664611816406e+00
-1.818480730056762695e+00
-7.354505062103271484e-01
1.260418176651000977e+00
-3.557579517364501953e-01
4.350079596042633057e-02
-1.496373653411865234e+00
9.469944238662719727e-01
-8.448633551597595215e-01
1.462868303060531616e-01
9.605744481086730957e-02
1.232321023941040039e+00
-9.477044343948364258e-01
-9.232960939407348633e-01
-1.249688267707824707e+00
-8.338214159011840820e-01
-4.174855351448059082e-01
-6.052128672599792480e-01
-9.158620238304138184e-01
3.782758712768554688e-01
2.663746476173400879e-03
-2.439161777496337891e+00
1.413726806640625000e-01
1.086909323930740356e-01
-1.191577911376953125e+00
2.992168068885803223e-01
-2.186257123947143555e+00
1.006742492318153381e-01
-1.179632544517517090e+00
7.890851497650146484e-01
5.826699733734130859e-01
-1.054125785827636719e+00
1.992239475250244141e+00
-8.074626922607421875e-01
6.393433809280395508e-01
-8.297577500343322754e-01
-2.441803216934204102e-01
-1.791711330413818359e+00
-2.686381638050079346e-01
1.684342026710510254e-01
-1.535674929618835449e+00
8.820893168449401855e-01
-1.335749030113220215e+00
-2.874221801757812500e-01
2.551342248916625977e-01
-3.058605909347534180e+00
8.235244154930114746e-01
2.731894254684448242e-01
-1.151614546775817871e+00
-6.130234003067016602e-01
7.432603836059570312e-01
8.800792098045349121e-01
2.835386991500854492e-01
1.222074329853057861e-01
1.200370907783508301e+00
1.765452325344085693e-03
1.406715273857116699e+00
-2.673011124134063721e-01
9.984438419342041016e-01
-8.095598220825195312e-01
3.277064859867095947e-02
-8.437303900718688965e-01
6.151533722877502441e-01
8.560678958892822266e-01
-1.528731346130371094e+00
6.281293183565139771e-02
-1.453492343425750732e-01
5.988974571228027344e-01
-1.098583340644836426e+00
-1.423393368721008301e+00
4.294547736644744873e-01
3.909740149974822998e-01
1.195376873016357422e+00
1.077206730842590332e+00
-1.028529033064842224e-01
-1.683619022369384766e+00
5.330231189727783203e-01
8.648861646652221680e-01
1.744560122489929199e+00
2.323510944843292236e-01
4.715389758348464966e-02
2.972323298454284668e-01
-3.215050101280212402e-01
2.801413536071777344e-01
5.682922154664993286e-02
-1.233632564544677734e+00
3.975917398929595947e-01
-6.368622779846191406e-01
1.526988267898559570e+00
-8.873083591461181641e-01
-5.913488864898681641e-01
1.226043626666069031e-01
4.233241677284240723e-01
5.152561068534851074e-01
-3.429129123687744141e-01
6.582440435886383057e-02
-6.801061034202575684e-01
-1.301463365554809570e+00
6.658714264631271362e-02
4.689812362194061279e-01
1.117726564407348633e+00
-4.129655361175537109e-01
-1.659093499183654785e+00
1.822646617889404297e+00
-1.352300345897674561e-01
-1.851158589124679565e-01
1.104303956031799316e+00
-1.576287508010864258e+00
9.512162208557128906e-02
-1.524643898010253906e+00
-2.817837893962860107e-01
-9.139472246170043945e-01
9.163503050804138184e-01
-2.865689992904663086e-02
-1.777944684028625488e+00
8.033194541931152344e-01
-9.075888395309448242e-01
-1.350658833980560303e-01
8.475327491760253906e-01
-1.282098442316055298e-01
9.008220434188842773e-01
4.831195473670959473e-01
-1.259586811065673828e+00
-4.454249143600463867e-02
-1.743732690811157227e-01
-2.666546702384948730e-01
6.667863726615905762e-01
-1.585883140563964844e+00
1.495146632194519043e+00
1.691646933555603027e+00
1.165410518646240234e+00
2.152519971132278442e-01
6.271722726523876190e-03
-4.942341446876525879e-01
-7.123374938964843750e-02
3.708739280700683594e-01
-5.567821860313415527e-01
-1.144264101982116699e+00
8.050351738929748535e-01
7.250319719314575195e-01
9.688358306884765625e-01
2.009839415550231934e-01
-9.500430822372436523e-01
6.670960783958435059e-01
4.798128455877304077e-02
-4.663556516170501709e-01
5.576860159635543823e-02
-7.309677004814147949e-01
-5.673619508743286133e-01
5.855672359466552734e-01
-7.489373683929443359e-01
-6.195467710494995117e-01
-6.370029449462890625e-01
-1.410631656646728516e+00
-2.799953520298004150e-01
-2.705391645431518555e-01
7.824618816375732422e-01
-1.643965840339660645e+00
-1.360440254211425781e+00
1.674474120140075684e+00
1.477364003658294678e-01
-3.734338283538818359e-01
8.852086663246154785e-01
2.716512680053710938e-01
1.099885553121566772e-01
-4.032381772994995117e-01
-5.829366445541381836e-01
3.687739372253417969e-03
3.217599689960479736e-01
-9.186826348304748535e-01
1.056499242782592773e+00
-2.156028270721435547e+00
7.970636487007141113e-01
7.479396462440490723e-01
-1.121425390243530273e+00
-1.537896752357482910e+00
-4.345384240150451660e-01
-2.066188573837280273e+00
-4.654670059680938721e-01
-4.942829012870788574e-01
5.137456059455871582e-01
2.552268207073211670e-01
1.540411591529846191e+00
-2.843743085861206055e+00
-2.195709705352783203e+00
-5.813442468643188477e-01
2.824944853782653809e-01
9.282541275024414062e-01
6.606878042221069336e-01
-1.931406378746032715e+00
-1.898421287536621094e+00
-8.021334558725357056e-02
-2.434027343988418579e-01
-1.128907442092895508e+00
-3.556399047374725342e-01
6.383524537086486816e-01
1.259086847305297852e+00
-2.619443833827972412e-01
-1.580612957477569580e-01
1.477279186248779297e+00
7.138472795486450195e-01
-1.261954903602600098e+00
-8.039988279342651367e-01
-4.154316484928131104e-01
-4.752806425094604492e-01
-6.241989135742187500e-01
4.278831779956817627e-01
8.729254603385925293e-01
1.061463594436645508e+00
4.062559604644775391e-01
-2.178553491830825806e-01
-5.680550336837768555e-01
-6.011365056037902832e-01
6.779768466949462891e-01
-8.820821046829223633e-01
-3.703085482120513916e-01
-1.027951121330261230e+00
5.267783999443054199e-01
2.616963386535644531e-01
-7.636667490005493164e-01
-2.283309847116470337e-01
-9.611769914627075195e-01
2.637314498424530029e-01
2.723126411437988281e+00
7.305640578269958496e-01
-1.244810581207275391e+00
1.909088194370269775e-01
1.417039394378662109e+00
5.423015356063842773e-01
-1.411748886108398438e+00
1.053854107856750488e+00
1.663031131029129028e-01
-6.713930517435073853e-02
-5.606747865676879883e-01
1.404610991477966309e+00
-2.476499229669570923e-02
-1.117643356323242188e+00
1.092277407646179199e+00
1.184028148651123047e+00
5.732784271240234375e-01
-4.273358583450317383e-01
1.661682501435279846e-03
1.240994095802307129e+00
-3.087584674358367920e-01
-3.644271790981292725e-01
1.356396436691284180e+00
-4.513658881187438965e-01
-4.686136543750762939e-02
1.194004535675048828e+00
4.900610446929931641e-02
-1.855578422546386719e+00
1.194660186767578125e+00
8.635230064392089844e-01
3.204214572906494141e-01
2.404494524002075195e+00
2.478332370519638062e-01
1.352789551019668579e-01
1.573147296905517578e+00
1.907972097396850586e+00
4.861818999052047729e-02
3.644977211952209473e-01
-5.949584245681762695e-01
4.209018349647521973e-01
1.815362453460693359e+00
3.199543356895446777e-01
8.865282535552978516e-01
-4.072587192058563232e-02
-8.037427663803100586e-01
5.609065294265747070e-03
5.090281963348388672e-01
6.888072490692138672e-01
-3.085600435733795166e-01
2.859897017478942871e-01
1.532740235328674316e+00
-3.413744866847991943e-01
9.213145971298217773e-01
1.605452895164489746e-01
4.670578539371490479e-01
1.624668717384338379e+00
-3.780746459960937500e-01
3.490291833877563477e-01
9.497572779655456543e-01
-1.090701580047607422e+00
-3.106447458267211914e+00
1.210873842239379883e+00
-8.000500202178955078e-01
-1.290886282920837402e+00
-1.315975069999694824e+00
6.320998072624206543e-02
3.612904250621795654e-01
-2.191262960433959961e+00
1.045003175735473633e+00
-2.058467149734497070e+00
2.006771087646484375e+00
3.996504843235015869e-02
5.049085021018981934e-01
-1.389934659004211426e+00
3.793342113494873047e-01
-6.764972805976867676e-01
-1.102359965443611145e-01
-1.477386713027954102e+00
1.258836746215820312e+00
1.756754040718078613e+00
6.979733109474182129e-01
-1.829139351844787598e+00
6.465706825256347656e-01
1.070098638534545898e+00
1.250434279441833496e+00
2.273556709289550781e+00
2.567788839340209961e+00
-7.905048131942749023e-01
-1.492766499519348145e+00
4.166950583457946777e-01
-1.433493971824645996e+00
-4.778243899345397949e-01
2.807357609272003174e-01
-7.192834615707397461e-01
-2.287675589323043823e-01
-7.219047099351882935e-02
-9.508126974105834961e-02
-1.383774161338806152e+00
1.624778211116790771e-01
3.063939213752746582e-01
1.225567579269409180e+00
7.316398024559020996e-01
1.042352199554443359e+00
-3.656710982322692871e-01
6.672909259796142578e-01
8.748692274093627930e-01
-7.905467152595520020e-01
-2.216684818267822266e-01
-6.262265443801879883e-01
9.034867882728576660e-01
7.490689158439636230e-01
-4.209682941436767578e-01
1.247295141220092773e+00
1.799793362617492676e+00
-1.320037722587585449e+00
8.277411460876464844e-01
-1.604370623826980591e-01
1.237760305404663086e+00
3.603121042251586914e-01
-9.338267445564270020e-01
8.227803707122802734e-01
-2.045335769653320312e+00
-9.829440116882324219e-01
9.397650957107543945e-01
-3.985547721385955811e-01
-1.512514472007751465e+00
-7.198543548583984375e-01
6.271525025367736816e-01
1.233299732208251953e+00
-7.279813289642333984e-01
2.116564363241195679e-01
8.607447147369384766e-02
6.871455907821655273e-02
9.187711477279663086e-01
1.728015184402465820e+00
-1.974132657051086426e+00
1.614216864109039307e-01
-1.365136981010437012e+00
-9.214594960212707520e-02
3.669526576995849609e-01
-2.750118374824523926e-01
-6.379928439855575562e-02
-9.225876927375793457e-01
-6.249044835567474365e-02
-6.155754327774047852e-01
1.456719160079956055e+00
-1.489327549934387207e-01
-4.414452314376831055e-01
-1.021687462925910950e-01
7.702131867408752441e-01
1.278764247894287109e+00
-1.792844235897064209e-01
1.881710410118103027e+00
-1.001699686050415039e+00
1.100137829780578613e+00
-9.627604484558105469e-01
1.179529726505279541e-02
1.157501041889190674e-01
-5.485935211181640625e-01
-7.996352910995483398e-01
-1.002985760569572449e-01
3.747365474700927734e-01
1.071800231933593750e+00
8.180058598518371582e-01
5.265653133392333984e-03
-6.703667044639587402e-01
8.122628554701805115e-03
1.123954176902770996e+00
1.784006506204605103e-01
-1.113757610321044922e+00
-1.343076944351196289e+00
-1.069050550460815430e+00
1.690226495265960693e-01
-9.377144277095794678e-02
1.039583683013916016e+00
3.216500878334045410e-01
-7.273474335670471191e-01
-4.213481843471527100e-01
-8.305700868368148804e-02
-1.325900912284851074e+00
-8.605103939771652222e-02
1.657213449478149414e+00
-1.042304873466491699e+00
3.710705041885375977e-01
-7.051743865013122559e-01
1.352125883102416992e+00
9.911963939666748047e-01
2.821659669280052185e-02
2.953038513660430908e-01
-1.100698351860046387e+00
-1.750870048999786377e-01
-2.649666666984558105e-01
-4.053423106670379639e-01
1.155688405036926270e+00
-4.358060359954833984e-01
8.567538261413574219e-01
4.049347937107086182e-01
1.000050067901611328e+00
1.250525712966918945e-01
4.541209936141967773e-01
3.069666326045989990e-01
1.834651350975036621e+00
-1.176545143127441406e+00
1.105550169944763184e+00
2.045201778411865234e+00
8.084827065467834473e-01
1.861853480339050293e+00
-1.288828969001770020e+00
-4.888426065444946289e-01
-9.187964200973510742e-01
-7.733601927757263184e-01
-6.103656291961669922e-01
-8.937709331512451172e-01
6.812055110931396484e-01
-1.352128982543945312e-01
4.678305685520172119e-01
-7.933992743492126465e-01
-1.069582700729370117e-01
1.068573445081710815e-01
-8.165281414985656738e-01
2.538280934095382690e-02
1.410758376121520996e+00
-8.971881270408630371e-01
1.267061591148376465e+00
1.578276902437210083e-01
-1.117608249187469482e-01
7.092933058738708496e-01
3.765492439270019531e-01
-7.000889778137207031e-01
1.846573799848556519e-01
