3.758106827735900879e-01
5.629644989967346191e-01
3.884648680686950684e-01
-8.304588794708251953e-01
2.050008535385131836e+00
7.562730908393859863e-01
-2.675068080425262451e-01
9.887189269065856934e-01
-1.303555011749267578e+00
-1.614397287368774414e+00
9.963275194168090820e-01
-2.577003538608551025e-01
2.800611555576324463e-01
-1.332637220621109009e-01
1.457998305559158325e-01
8.497339487075805664e-02
1.278272628784179688e+00
-1.279619097709655762e+00
-9.496760964393615723e-01
5.911230668425559998e-02
-7.040706276893615723e-01
5.162002444267272949e-01
1.298701763153076172e+00
-1.180381774902343750e+00
5.462574362754821777e-01
3.522661328315734863e-02
8.239073157310485840e-01
-2.884967625141143799e-01
-4.875294566154479980e-01
-1.393511414527893066e+00
-1.100376993417739868e-01
1.309315323829650879e+00
1.791223585605621338e-01
-5.559049844741821289e-01
-5.581757426261901855e-01
-1.155635118484497070e+00
2.558103501796722412e-01
-1.196949005126953125e+00
-1.098767876625061035e+00
7.669339776039123535e-01
-6.784516572952270508e-01
-2.463315874338150024e-01
-8.669945001602172852e-01
6.237324476242065430e-01
1.375214219093322754e+00
-9.002342820167541504e-02
9.091817736625671387e-01
2.332733869552612305e+00
1.822510242462158203e+00
-3.391677439212799072e-01
-8.042604923248291016e-01
-6.998714804649353027e-01
2.400119304656982422e-01
-3.886744976043701172e-01
-3.916817903518676758e-01
-1.236900091171264648e+00
-1.956875175237655640e-01
-2.651900351047515869e-01
-1.857457876205444336e+00
2.109678983688354492e+00
-1.763001918792724609e+00
-7.311946153640747070e-01
1.076185941696166992e+00
-2.838067412376403809e-01
-1.682224124670028687e-02
-1.859487414360046387e+00
1.687800407409667969e+00
-6.540116071701049805e-01
4.582947492599487305e-01
4.068353772163391113e-02
4.641118645668029785e-01
-8.799804449081420898e-01
-9.827371835708618164e-01
-1.929868459701538086e+00
-7.608566880226135254e-01
-8.281236886978149414e-01
-8.504200577735900879e-01
-8.798086643218994141e-01
7.650786638259887695e-02
4.225153326988220215e-01
-1.929905414581298828e+00
-1.356902420520782471e-01
-1.547728478908538818e-01
-1.042037487030029297e+00
2.140107452869415283e-01
-1.715257167816162109e+00
5.543386936187744141e-01
-5.864198207855224609e-01
6.954018473625183105e-01
1.367410123348236084e-01
-1.277073979377746582e+00
2.097936630249023438e+00
-7.737601995468139648e-01
4.472208023071289062e-01
-5.512905120849609375e-01
-1.377958357334136963e-01
-8.867981433868408203e-01
-3.565074205398559570e-01
3.312252759933471680e-01
-1.334138631820678711e+00
3.157106041908264160e-01
-1.323605775833129883e+00
-8.689476251602172852e-01
4.726545214653015137e-01
-2.509911775588989258e+00
7.079103589057922363e-01
2.057928293943405151e-01
-9.652588963508605957e-01
-5.171115994453430176e-01
8.656082153320312500e-01
7.616977095603942871e-01
1.553675532341003418e-01
7.109783291816711426e-01
1.212558031082153320e+00
4.495575428009033203e-01
1.349546194076538086e+00
-3.303080201148986816e-01
3.235653936862945557e-01
-1.225154995918273926e+00
-3.722757101058959961e-01
-7.069339156150817871e-01
3.461312651634216309e-01
8.052817583084106445e-01
-1.976480722427368164e+00
3.201477825641632080e-01
-1.144921779632568359e-01
1.278322577476501465e+00
-1.073195934295654297e+00
-1.541097402572631836e+00
9.400913715362548828e-01
1.171568036079406738e+00
1.025561332702636719e+00
9.662692546844482422e-01
1.716475784778594971e-01
-6.564496755599975586e-01
8.369060158729553223e-01
5.416620373725891113e-01
1.187239289283752441e+00
8.272387385368347168e-01
-9.676951169967651367e-02
6.696552038192749023e-01
7.569165527820587158e-02
1.402900516986846924e-01
-6.462084650993347168e-01
-1.060892939567565918e+00
1.973685622215270996e-01
-7.385740876197814941e-01
1.887391209602355957e+00
-9.308704733848571777e-01
-3.996309638023376465e-01
-1.060519441962242126e-01
5.459624528884887695e-01
4.846208691596984863e-01
-2.494335919618606567e-01
1.813822090625762939e-01
-9.008328318595886230e-01
-1.738863348960876465e+00
-5.213929712772369385e-02
3.935923874378204346e-01
4.503110945224761963e-01
-6.817893981933593750e-01
-1.258366823196411133e+00
1.003226757049560547e+00
-6.305981874465942383e-01
3.450378775596618652e-02
1.034048438072204590e+00
-1.389658808708190918e+00
2.558687925338745117e-01
-2.144831657409667969e+00
-6.551897525787353516e-01
3.423556089401245117e-01
6.944794058799743652e-01
-1.096794962882995605e+00
-1.217731118202209473e+00
5.424408912658691406e-01
-4.945009648799896240e-01
5.341644585132598877e-02
1.158341050148010254e+00
1.668882369995117188e-01
9.331893920898437500e-01
3.192146867513656616e-02
-1.948655605316162109e+00
-5.644319057464599609e-01
-1.247153654694557190e-01
-7.439161837100982666e-02
4.401919990777969360e-02
-1.799925327301025391e+00
1.410488128662109375e+00
1.468508958816528320e+00
3.001907169818878174e-01
2.692608833312988281e-01
-1.781617403030395508e-01
-2.811190485954284668e-01
-1.743124276399612427e-01
9.224466979503631592e-02
-6.737287044525146484e-01
-9.938158988952636719e-01
5.325499773025512695e-01
4.442340433597564697e-01
5.765107274055480957e-01
-1.789220422506332397e-01
-9.398781657218933105e-01
2.585638761520385742e-01
2.680362462997436523e-01
-2.921559512615203857e-01
-1.150074899196624756e-01
-6.672766208648681641e-01
-5.853893756866455078e-01
-1.181721910834312439e-01
-1.138139605522155762e+00
4.987591207027435303e-01
-6.854466199874877930e-01
-1.606291770935058594e+00
-5.754621028900146484e-01
-2.740145623683929443e-01
1.262979626655578613e+00
-1.199977993965148926e+00
-6.587815880775451660e-01
1.495780825614929199e+00
3.640072643756866455e-01
-5.638228058815002441e-01
1.230084419250488281e+00
4.374293088912963867e-01
-1.032933145761489868e-01
2.270829826593399048e-01
-7.179006338119506836e-01
2.641118168830871582e-01
8.184772133827209473e-01
-7.819116711616516113e-01
5.860922932624816895e-01
-2.420320987701416016e+00
7.737738490104675293e-01
1.300608515739440918e-01
-2.400310933589935303e-01
-1.240024805068969727e+00
-6.939165592193603516e-01
-1.700311183929443359e+00
-2.798016965389251709e-01
-4.204734563827514648e-01
5.561525225639343262e-01
-3.639481067657470703e-01
1.500951051712036133e+00
-2.649662971496582031e+00
-2.356906175613403320e+00
-7.431169748306274414e-01
-1.531399786472320557e-01
1.162039637565612793e+00
9.188945293426513672e-01
-1.928487181663513184e+00
-2.175383806228637695e+00
5.752718821167945862e-02
-5.399668812751770020e-01
-1.163763046264648438e+00
-1.555587202310562134e-01
2.579158842563629150e-01
8.338177800178527832e-01
-2.510936856269836426e-01
-5.108892917633056641e-02
7.762655019760131836e-01
1.211437106132507324e+00
-1.340214610099792480e+00
-6.747883558273315430e-01
-2.504863142967224121e-01
-6.388625502586364746e-01
-4.910903871059417725e-01
3.767549693584442139e-01
8.994958400726318359e-01
8.630187511444091797e-01
3.179419636726379395e-01
9.795378148555755615e-02
9.512528032064437866e-02
-4.685416221618652344e-01
1.147679924964904785e+00
-4.502042531967163086e-01
-2.757251635193824768e-02
-5.485928058624267578e-01
3.885515928268432617e-01
-2.412793338298797607e-01
-8.065312504768371582e-01
-2.681832313537597656e-01
-4.597944617271423340e-01
5.033068060874938965e-01
2.967565536499023438e+00
8.024726510047912598e-01
-1.105978608131408691e+00
1.167742162942886353e-01
1.247336149215698242e+00
5.489288568496704102e-01
-1.080460548400878906e+00
1.327336549758911133e+00
5.628738403320312500e-01
-5.624543428421020508e-01
-9.167696237564086914e-01
1.642661333084106445e+00
6.125084757804870605e-01
-6.357778906822204590e-01
5.679434537887573242e-01
6.580339074134826660e-01
1.031378030776977539e+00
-1.581796258687973022e-01
-6.086499989032745361e-02
7.040762901306152344e-01
-8.690471649169921875e-01
-6.586467623710632324e-01
1.181168437004089355e+00
3.548284992575645447e-02
1.172205209732055664e-01
1.301375389099121094e+00
4.383444786071777344e-03
-1.184144377708435059e+00
1.253610372543334961e+00
7.940129637718200684e-01
-6.261765956878662109e-02
1.892969846725463867e+00
1.476821005344390869e-01
7.394016981124877930e-01
2.148267269134521484e+00
1.413231611251831055e+00
3.952261209487915039e-01
4.249529242515563965e-01
-8.663589954376220703e-01
-2.548620104789733887e-04
1.683850049972534180e+00
1.182774186134338379e+00
6.587223410606384277e-01
-3.949847817420959473e-01
4.692221432924270630e-02
-1.767841726541519165e-01
1.507674157619476318e-01
8.247572779655456543e-01
-7.763708829879760742e-01
5.601585507392883301e-01
1.397280097007751465e+00
2.503736317157745361e-01
9.515287876129150391e-01
2.601585090160369873e-01
5.297782421112060547e-01
1.640739679336547852e+00
-6.615716218948364258e-01
3.756438195705413818e-02
1.199321031570434570e+00
-6.369858980178833008e-01
-2.530519485473632812e+00
1.048346400260925293e+00
-1.012125849723815918e+00
-3.871453404426574707e-01
-1.346554517745971680e+00
1.233402788639068604e-01
6.880985200405120850e-02
-1.650299310684204102e+00
1.673289179801940918e+00
-1.866972804069519043e+00
2.386609554290771484e+00
1.985001116991043091e-01
1.207559466361999512e+00
-7.729161977767944336e-01
5.259581208229064941e-01
-3.950203955173492432e-01
-4.643985629081726074e-01
-1.470603704452514648e+00
1.795514941215515137e+00
2.258167028427124023e+00
-8.673214167356491089e-02
-1.596845388412475586e+00
-3.427060544490814209e-01
4.491376578807830811e-01
1.717204689979553223e+00
1.916877985000610352e+00
2.651593923568725586e+00
-1.256164431571960449e+00
-8.304219245910644531e-01
3.443078994750976562e-01
-1.753514528274536133e+00
1.524226814508438110e-01
1.844634711742401123e-01
-3.295001089572906494e-01
-1.626821048557758331e-02
-4.133632183074951172e-01
7.075523138046264648e-01
-1.618982315063476562e+00
1.895623654127120972e-02
3.665960952639579773e-02
1.759664654731750488e+00
7.623775601387023926e-01
7.969320416450500488e-01
-4.687121510505676270e-01
1.244774311780929565e-01
1.129335880279541016e+00
-6.430804133415222168e-01
-1.146247833967208862e-01
-1.920936629176139832e-03
5.447867512702941895e-02
8.131732940673828125e-01
-6.592559814453125000e-01
1.929528951644897461e+00
1.747137069702148438e+00
-1.570000290870666504e+00
7.206289172172546387e-01
-3.741106986999511719e-01
1.149505376815795898e+00
1.227293014526367188e-01
-5.705901980400085449e-01
3.089546561241149902e-01
-1.590191841125488281e+00
-6.006675362586975098e-01
1.198171138763427734e+00
-3.248270750045776367e-01
-1.522907972335815430e+00
-7.033795118331909180e-03
1.140961498022079468e-01
8.715323209762573242e-01
-9.544333219528198242e-01
1.635794788599014282e-01
5.833757519721984863e-01
-6.232005953788757324e-01
7.350980043411254883e-01
1.951565384864807129e+00
-2.225358963012695312e+00
9.047561883926391602e-02
-1.538101196289062500e+00
2.168971896171569824e-01
7.532766461372375488e-01
2.115662693977355957e-01
3.448546230792999268e-01
-1.205946207046508789e+00
-5.949502587318420410e-01
-2.930008471012115479e-01
1.205216884613037109e+00
-2.984162569046020508e-01
-4.984731674194335938e-01
2.318673431873321533e-01
5.829502344131469727e-01
9.849909543991088867e-01
-5.883771181106567383e-01
1.655460119247436523e+00
-9.604884386062622070e-01
1.125384807586669922e+00
-9.530205726623535156e-01
7.329884916543960571e-02
6.716231107711791992e-01
-1.794774830341339111e-01
-8.792161345481872559e-01
1.388042867183685303e-01
5.546535253524780273e-01
5.533161163330078125e-01
1.611880958080291748e-01
5.615173578262329102e-01
-6.689333319664001465e-01
1.124893352389335632e-01
1.116609811782836914e+00
-3.073853254318237305e-02
-6.130504608154296875e-01
-1.183643579483032227e+00
-1.080406904220581055e+00
1.838791370391845703e-01
2.869633585214614868e-02
6.766431927680969238e-01
3.138300180435180664e-01
-4.274823367595672607e-01
-4.493843317031860352e-01
1.592524647712707520e-01
-1.623840451240539551e+00
-3.107446432113647461e-01
1.799030780792236328e+00
-1.048677206039428711e+00
7.612276673316955566e-01
-9.300680160522460938e-01
1.538750410079956055e+00
9.311360120773315430e-01
1.243357896804809570e+00
6.974585056304931641e-01
-9.094549417495727539e-01
-6.158099770545959473e-01
-3.056392073631286621e-01
-7.147892713546752930e-01
1.260000824928283691e+00
-5.533655881881713867e-01
1.816914677619934082e-01
5.632034540176391602e-01
1.204330444335937500e+00
6.143416166305541992e-01
6.360056996345520020e-01
4.634194076061248779e-01
1.403881311416625977e+00
-5.647935271263122559e-01
1.254780530929565430e+00
1.871919393539428711e+00
9.979317784309387207e-01
2.142140626907348633e+00
-1.467441558837890625e+00
-9.667918682098388672e-01
-1.038178205490112305e+00
-6.843432188034057617e-01
-7.421468496322631836e-01
-1.025085926055908203e+00
-1.003078371286392212e-01
-4.102097153663635254e-01
7.873092889785766602e-01
-1.228676080703735352e+00
4.607701301574707031e-02
-1.899849027395248413e-01
-6.183682084083557129e-01
-2.230546176433563232e-01
8.308604955673217773e-01
-9.028882384300231934e-01
1.488057374954223633e+00
2.972392141819000244e-01
-2.431844621896743774e-01
1.153525829315185547e+00
4.515676498413085938e-01
-8.290033340454101562e-01
3.713078498840332031e-01
